0	1.000000	0.000000	0.000000	0.000000	1.000000	0.000000	
1	0.999585	-0.000049	0.276046	0.000049	0.999585	0.023128	
2	0.999519	-0.000142	0.336378	0.000142	0.999519	0.122886	
3	0.999509	0.000011	0.354628	-0.000011	0.999509	0.194731	
4	0.999639	0.000265	0.226203	-0.000265	0.999639	0.329545	
5	0.999430	0.000215	0.270387	-0.000215	0.999430	0.338564	
6	0.999519	0.000681	-0.052975	-0.000681	0.999519	0.878360	
7	0.999244	0.000724	0.468755	-0.000724	0.999244	0.725155	
8	0.999488	0.000282	-0.010061	-0.000282	0.999488	0.256781	
9	0.999361	0.000290	0.171036	-0.000290	0.999361	0.437009	
10	0.999522	0.000118	0.102844	-0.000118	0.999522	0.298813	
11	0.999382	0.000270	0.327858	-0.000270	0.999382	0.377228	
12	0.999472	0.000130	0.451255	-0.000130	0.999472	0.367988	
13	0.999194	0.000134	0.703657	-0.000134	0.999194	0.448536	
14	0.999197	0.000148	0.221515	-0.000148	0.999197	0.093627	
15	0.999375	0.000268	0.340270	-0.000268	0.999375	0.473876	
16	0.999990	0.000294	-0.161510	-0.000294	0.999990	0.169742	
17	0.999397	0.000284	0.454237	-0.000284	0.999397	0.408373	
18	1.000010	0.000369	-0.307748	-0.000369	1.000010	0.276441	
19	0.999456	0.000131	0.214250	-0.000131	0.999456	0.254622	
20	0.999616	0.000119	0.152738	-0.000119	0.999616	0.202458	
21	0.999341	0.000027	0.631884	-0.000027	0.999341	0.128413	
22	0.999714	0.000027	0.214173	-0.000027	0.999714	0.162115	
23	0.999502	0.000022	0.466296	-0.000022	0.999502	0.129088	
24	0.999579	0.000064	0.265122	-0.000064	0.999579	0.117708	
25	0.999546	0.000023	0.205471	-0.000023	0.999546	0.095119	
26	0.999271	-0.000181	0.291778	0.000181	0.999271	-0.066831	
27	0.999586	-0.000102	0.657498	0.000102	0.999586	-0.138910	
28	0.999728	0.000327	-0.212803	-0.000327	0.999728	0.462412	
29	0.999486	0.000002	0.285017	-0.000002	0.999486	-0.035640	
30	0.999730	0.000136	-0.206318	-0.000136	0.999730	0.114110	
31	0.999579	-0.000183	0.213200	0.000183	0.999579	-0.022800	
32	0.999701	0.000049	0.010811	-0.000049	0.999701	0.013870	
33	0.999326	-0.000008	0.296400	0.000008	0.999326	0.036954	
34	0.999431	-0.000023	0.293493	0.000023	0.999431	0.101049	
35	0.999274	0.000182	0.433067	-0.000182	0.999274	0.398233	
36	0.999529	0.000031	0.038722	-0.000031	0.999529	0.048862	
37	0.999683	0.000190	-0.186615	-0.000190	0.999683	0.199551	
38	0.999604	0.000163	0.117774	-0.000163	0.999604	0.269923	
39	0.999208	0.000261	0.380390	-0.000261	0.999208	0.365713	
40	0.999763	0.000414	0.052084	-0.000414	0.999763	0.250821	
41	0.999640	0.000297	0.201631	-0.000297	0.999640	0.382762	
42	0.999649	0.000451	0.307443	-0.000451	0.999649	0.314116	
43	0.999691	0.000452	0.278780	-0.000452	0.999691	0.434856	
44	0.999751	0.000250	-0.189172	-0.000250	0.999751	0.084971	
45	0.999695	0.000215	-0.474552	-0.000215	0.999695	0.270323	
46	0.999586	0.000095	0.212089	-0.000095	0.999586	0.252994	
47	0.999817	0.000105	0.025006	-0.000105	0.999817	0.196808	
48	0.999538	0.000097	0.169826	-0.000097	0.999538	0.134496	
49	0.999594	0.000245	0.185066	-0.000245	0.999594	0.218233	
50	0.999621	0.000389	0.140149	-0.000389	0.999621	-0.035151	
51	0.999620	0.000253	-0.054309	-0.000253	0.999620	0.274339	
52	1.000336	0.000013	-0.632032	-0.000013	1.000336	-0.474738	
53	0.999733	0.000288	0.206440	-0.000288	0.999733	0.398524	
54	0.999724	0.000226	0.048468	-0.000226	0.999724	0.277904	
55	0.999335	0.000018	1.104581	-0.000018	0.999335	-0.542394	
56	0.999679	0.000035	-0.062000	-0.000035	0.999679	0.014307	
57	0.999509	0.000408	-0.464432	-0.000408	0.999509	0.508575	
58	0.999660	0.000270	0.245674	-0.000270	0.999660	-0.081899	
59	0.999598	0.000079	0.301708	-0.000079	0.999598	-0.034626	
60	0.999804	-0.000272	0.166314	0.000272	0.999804	-0.384280	
61	0.999515	-0.000189	0.449354	0.000189	0.999515	-0.194511	
62	0.999483	-0.000298	0.423819	0.000298	0.999483	-0.402017	
63	0.999745	-0.000214	0.835770	0.000214	0.999745	-0.126215	
64	0.999542	0.000227	0.347072	-0.000227	0.999542	0.169790	
65	0.999726	-0.000197	0.564892	0.000197	0.999726	-0.204733	
66	0.999634	0.000216	0.222475	-0.000216	0.999634	0.202581	
67	0.999572	0.000200	0.261056	-0.000200	0.999572	0.299000	
68	0.999651	0.000340	0.251348	-0.000340	0.999651	0.123230	
69	0.999617	-0.000010	0.396005	0.000010	0.999617	-0.556309	
70	0.999584	0.000130	0.279060	-0.000130	0.999584	0.150507	
71	0.999205	0.000059	0.347072	-0.000059	0.999205	0.159599	
72	0.999507	0.000205	0.179316	-0.000205	0.999507	-0.120923	
73	0.999709	-0.000210	-0.080556	0.000210	0.999709	-0.348829	
74	0.999411	-0.000216	0.979239	0.000216	0.999411	-0.156128	
75	0.999389	-0.000057	0.586728	0.000057	0.999389	-0.016206	
76	0.999475	-0.000204	0.589351	0.000204	0.999475	-0.044228	
77	0.999268	0.000106	0.935660	-0.000106	0.999268	0.255573	
78	0.999668	0.000050	0.406392	-0.000050	0.999668	-0.129931	
79	0.999351	0.000080	0.533585	-0.000080	0.999351	0.133932	
80	0.999651	0.000413	0.108699	-0.000413	0.999651	0.204737	
81	0.999459	0.000428	0.224651	-0.000428	0.999459	0.468284	
82	0.999560	0.000222	0.100565	-0.000222	0.999560	0.187624	
83	0.999502	0.000352	0.377654	-0.000352	0.999502	0.277791	
84	0.999778	0.000022	-0.135493	-0.000022	0.999778	-0.084712	
85	0.999465	-0.000008	0.313124	0.000008	0.999465	0.039097	
86	0.999751	0.000090	0.060023	-0.000090	0.999751	0.047561	
87	0.999568	0.000295	0.388639	-0.000295	0.999568	0.228585	
88	1.000098	0.000064	-0.090797	-0.000064	1.000098	0.021077	
89	0.999713	0.000408	0.412809	-0.000408	0.999713	0.381271	
90	0.999487	0.000146	-0.063003	-0.000146	0.999487	0.194199	
91	0.999817	0.000080	0.203501	-0.000080	0.999817	-0.064165	
92	1.000074	0.000243	-0.336506	-0.000243	1.000074	0.157348	
93	0.999967	0.000242	-0.128773	-0.000242	0.999967	0.118998	
94	1.000046	0.000143	-0.258643	-0.000143	1.000046	0.011378	
95	0.999478	-0.000099	0.055318	0.000099	0.999478	-0.216633	
96	1.000078	0.000324	-0.309729	-0.000324	1.000078	0.150026	
97	0.999867	0.000131	-0.037159	-0.000131	0.999867	0.040007	
98	0.999977	0.000322	-0.543434	-0.000322	0.999977	0.100773	
99	0.999737	0.000300	-0.254280	-0.000300	0.999737	0.248557	
100	0.999912	0.000452	-0.124485	-0.000452	0.999912	0.366239	
101	1.000044	0.000307	-0.315508	-0.000307	1.000044	0.010057	
102	0.999910	0.000488	-0.375430	-0.000488	0.999910	0.209971	
103	0.999909	0.000362	-0.411196	-0.000362	0.999909	0.402971	
104	0.999951	0.000476	-0.597797	-0.000476	0.999951	0.317462	
105	0.999433	0.000476	0.388951	-0.000476	0.999433	0.558410	
106	0.999892	0.000195	-0.167461	-0.000195	0.999892	0.275507	
107	0.999832	0.000293	-0.105225	-0.000293	0.999832	0.150268	
108	0.999921	0.000234	-0.292437	-0.000234	0.999921	0.105494	
109	0.999756	0.000332	-0.056242	-0.000332	0.999756	0.246657	
110	1.000279	0.000592	-0.326076	-0.000592	1.000279	0.307310	
111	0.999471	0.000201	-0.212842	-0.000201	0.999471	0.059847	
112	1.000010	0.000362	-0.421803	-0.000362	1.000010	0.216561	
113	0.999829	0.000403	0.011164	-0.000403	0.999829	0.093362	
114	1.000095	0.000320	-0.417254	-0.000320	1.000095	-0.197630	
115	0.999659	-0.000101	0.005532	0.000101	0.999659	0.078167	
116	1.000131	-0.000076	-0.322674	0.000076	1.000131	-0.132554	
117	0.999502	-0.000341	0.351112	0.000341	0.999502	-0.310220	
118	0.999830	-0.000153	-0.242140	0.000153	0.999830	-0.061446	
119	0.999891	-0.000312	-0.312089	0.000312	0.999891	-0.459132	
120	0.999823	-0.000114	-0.509301	0.000114	0.999823	-0.052108	
121	0.999717	-0.000115	-0.066704	0.000115	0.999717	-0.172268	
122	0.999905	-0.000255	-0.539837	0.000255	0.999905	-0.263109	
123	0.999709	-0.000068	-0.082499	0.000068	0.999709	0.103902	
124	1.000063	0.000089	-0.410964	-0.000089	1.000063	-0.001684	
125	0.999736	-0.000028	-0.197540	0.000028	0.999736	-0.095330	
126	0.999949	0.000043	-0.284320	-0.000043	0.999949	-0.006929	
127	0.999625	0.000089	0.036615	-0.000089	0.999625	0.231517	
128	0.999802	0.000309	-0.056663	-0.000309	0.999802	0.155123	
129	0.999368	0.000230	0.254685	-0.000230	0.999368	0.268668	
130	0.999700	-0.000150	-0.100155	0.000150	0.999700	-0.160205	
131	0.999582	-0.000155	-0.153029	0.000155	0.999582	-0.092536	
132	0.999730	-0.000113	-0.028903	0.000113	0.999730	-0.037526	
133	0.999722	0.000046	0.224959	-0.000046	0.999722	0.285685	
134	0.999721	0.000177	-0.221659	-0.000177	0.999721	0.090899	
135	0.999869	0.000116	-0.318130	-0.000116	0.999869	0.018563	
136	0.999992	0.000080	-0.505873	-0.000080	0.999992	0.003170	
137	0.999628	0.000008	0.090055	-0.000008	0.999628	0.177255	
138	0.999919	0.000021	-0.173699	-0.000021	0.999919	0.040341	
139	0.999799	0.000013	-0.021503	-0.000013	0.999799	0.082384	
140	1.000018	0.000141	-0.521997	-0.000141	1.000018	0.077809	
141	0.999817	0.000010	-0.218967	-0.000010	0.999817	0.410086	
142	0.999918	0.000275	-0.273150	-0.000275	0.999918	0.362458	
143	0.999534	0.000114	0.058951	-0.000114	0.999534	0.258359	
144	1.000052	-0.000198	-0.452556	0.000198	1.000052	-0.200714	
145	0.999766	-0.000001	-0.085949	0.000001	0.999766	0.144771	
146	0.999706	-0.000048	-0.082642	0.000048	0.999706	0.254574	
147	0.999659	-0.000063	-0.037521	0.000063	0.999659	0.004870	
148	0.999764	0.000171	-0.082621	-0.000171	0.999764	0.476442	
149	0.999580	-0.000114	0.054818	0.000114	0.999580	-0.012617	
150	0.999701	-0.000225	-0.162126	0.000225	0.999701	-0.082545	
151	0.999593	-0.000073	-0.043647	0.000073	0.999593	0.219499	
152	0.999602	0.000070	0.024346	-0.000070	0.999602	0.374305	
153	0.999411	0.000051	0.192013	-0.000051	0.999411	0.273886	
154	0.999676	-0.000013	-0.058650	0.000013	0.999676	0.152353	
155	0.999676	0.000132	-0.191455	-0.000132	0.999676	0.217593	
156	0.999578	0.000091	0.148315	-0.000091	0.999578	0.591227	
157	0.999547	-0.000180	0.048508	0.000180	0.999547	-0.004175	
158	0.999306	-0.000045	0.077751	0.000045	0.999306	0.354880	
159	0.999731	-0.000054	-0.152619	0.000054	0.999731	0.424857	
160	0.999488	0.000042	-0.020360	-0.000042	0.999488	0.267579	
161	0.999423	-0.000104	0.270987	0.000104	0.999423	0.328322	
162	1.000500	0.000128	-0.554588	-0.000128	1.000500	0.086894	
163	0.999704	-0.000185	-0.162910	0.000185	0.999704	0.428177	
164	0.999701	0.000055	-0.123954	-0.000055	0.999701	0.315038	
165	0.999676	0.000080	0.163630	-0.000080	0.999676	0.319178	
166	0.999817	0.000178	-0.088432	-0.000178	0.999817	0.148961	
167	0.999681	-0.000294	0.068738	0.000294	0.999681	0.174711	
168	0.999559	-0.000308	0.060066	0.000308	0.999559	0.019625	
169	0.999752	-0.000243	-0.104045	0.000243	0.999752	0.383572	
170	0.999819	-0.000259	-0.019413	0.000259	0.999819	0.171871	
171	0.999748	-0.000217	0.014028	0.000217	0.999748	0.074079	
172	0.999612	-0.000140	-0.037066	0.000140	0.999612	0.203830	
173	0.999713	0.000038	-0.053666	-0.000038	0.999713	0.162861	
174	0.999907	0.000122	-0.265112	-0.000122	0.999907	0.268630	
175	0.999861	-0.000310	-0.196125	0.000310	0.999861	0.283801	
176	0.999858	-0.000196	-0.162916	0.000196	0.999858	0.072974	
177	0.999602	-0.000167	0.008340	0.000167	0.999602	0.307915	
178	0.999729	-0.000015	0.021859	0.000015	0.999729	0.389448	
179	1.000179	0.000288	-0.172022	-0.000288	1.000179	0.248515	
180	0.999825	0.000075	-0.279643	-0.000075	0.999825	0.228988	
181	1.000016	-0.000031	-0.335635	0.000031	1.000016	0.382011	
182	0.999911	-0.000006	-0.128245	0.000006	0.999911	0.207414	
183	0.999808	0.000016	-0.122620	-0.000016	0.999808	0.516257	
184	0.999818	-0.000234	0.146159	0.000234	0.999818	0.413234	
185	0.999529	0.000044	0.540698	-0.000044	0.999529	0.397136	
186	0.999963	-0.000148	0.046438	0.000148	0.999963	0.076112	
187	0.999640	-0.000240	0.246401	0.000240	0.999640	0.112486	
188	0.999835	-0.000315	0.312292	0.000315	0.999835	0.234781	
189	0.999431	-0.000116	0.292657	0.000116	0.999431	0.449978	
190	0.999652	-0.000101	-0.047034	0.000101	0.999652	0.133710	
191	0.999256	-0.000359	0.334719	0.000359	0.999256	0.325215	
192	0.999595	0.000002	0.070608	-0.000002	0.999595	0.494674	
193	1.000565	0.000396	-0.687963	-0.000396	1.000565	0.425644	
194	0.999822	-0.000083	-0.362713	0.000083	0.999822	0.105599	
195	0.999590	-0.000117	0.036923	0.000117	0.999590	0.522019	
196	0.999784	-0.000029	-0.153212	0.000029	0.999784	0.262348	
197	0.999866	0.000407	-0.064409	-0.000407	0.999866	0.709590	
198	0.999808	0.000035	-0.066220	-0.000035	0.999808	0.375625	
199	0.999983	0.000197	-0.316055	-0.000197	0.999983	0.161332	
200	1.000120	0.000200	-0.279252	-0.000200	1.000120	0.406287	
201	0.999709	0.000002	-0.112144	-0.000002	0.999709	0.311944	
202	1.000118	0.000148	-0.317009	-0.000148	1.000118	0.209265	
203	0.999898	0.000341	-0.179619	-0.000341	0.999898	0.469764	
204	0.999948	0.000453	-0.237109	-0.000453	0.999948	0.627641	
205	0.999601	0.000199	-0.056877	-0.000199	0.999601	0.268664	
206	1.000056	0.000200	-0.496302	-0.000200	1.000056	0.418807	
207	0.999863	0.000159	-0.127960	-0.000159	0.999863	0.298094	
208	0.999930	0.000377	-0.385110	-0.000377	0.999930	0.471073	
209	0.999945	0.000311	-0.257587	-0.000311	0.999945	0.249076	
210	0.999674	0.000211	0.067981	-0.000211	0.999674	0.299579	
211	0.999731	0.000173	-0.384649	-0.000173	0.999731	0.125683	
212	1.000001	0.000113	-0.499646	-0.000113	1.000001	0.013184	
213	0.999655	0.000722	-0.507706	-0.000722	0.999655	0.702243	
214	0.999816	0.000243	-0.265391	-0.000243	0.999816	0.113953	
215	0.999654	0.000488	-0.186610	-0.000488	0.999654	0.356803	
216	0.999836	0.000569	-0.260310	-0.000569	0.999836	0.238684	
217	0.999678	0.000448	-0.280755	-0.000448	0.999678	0.458225	
218	1.000406	0.000397	-0.795987	-0.000397	1.000406	0.419604	
219	0.999976	0.000510	-0.459165	-0.000510	0.999976	0.204956	
220	1.000011	0.000277	-0.642979	-0.000277	1.000011	0.386605	
221	0.999735	0.000322	-0.153748	-0.000322	0.999735	0.169933	
222	1.000054	0.000002	-0.547062	-0.000002	1.000054	-0.035224	
223	0.999731	0.000241	0.014779	-0.000241	0.999731	0.244228	
224	1.000133	0.000082	-0.374695	-0.000082	1.000133	-0.057369	
225	0.999843	-0.000045	-0.590371	0.000045	0.999843	-0.147710	
226	1.000132	0.000089	-0.217736	-0.000089	1.000132	-0.078636	
227	0.999814	0.000074	0.021420	-0.000074	0.999814	0.047328	
228	1.000044	-0.000081	-0.162870	0.000081	1.000044	-0.215543	
229	0.999669	-0.000135	0.254448	0.000135	0.999669	-0.297365	
230	0.999968	-0.000244	-0.290075	0.000244	0.999968	-0.222214	
231	0.999586	-0.000015	0.040185	0.000015	0.999586	0.096764	
232	0.999816	-0.000263	0.051165	0.000263	0.999816	-0.384559	
233	0.999774	0.000020	-0.005948	-0.000020	0.999774	0.151159	
234	1.000114	0.000179	-0.407115	-0.000179	1.000114	-0.324485	
235	0.999741	-0.000326	-0.587539	0.000326	0.999741	-0.656509	
236	1.000026	-0.000121	-0.363316	0.000121	1.000026	-0.342948	
237	0.999859	0.000000	-0.261087	-0.000000	0.999859	0.152393	
238	1.000378	-0.000429	-0.068828	0.000429	1.000378	-0.698252	
239	0.999858	-0.000124	-0.208927	0.000124	0.999858	0.058469	
240	1.000288	-0.000171	-0.680903	0.000171	1.000288	-0.240177	
241	1.000029	-0.000078	-0.484921	0.000078	1.000029	-0.112633	
242	1.000221	0.000200	-0.468431	-0.000200	1.000221	-0.026714	
243	0.999928	-0.000041	0.128665	0.000041	0.999928	-0.124919	
244	1.000142	0.000315	-0.362944	-0.000315	1.000142	-0.025058	
245	1.000027	0.000134	-0.097496	-0.000134	1.000027	0.144473	
246	1.000019	0.000125	-0.665031	-0.000125	1.000019	0.103632	
247	0.999855	0.000150	0.155699	-0.000150	0.999855	0.103574	
248	1.000061	0.000102	-0.213458	-0.000102	1.000061	0.026439	
249	1.000066	0.000067	-0.378585	-0.000067	1.000066	-0.087310	
250	1.000069	0.000064	-0.282887	-0.000064	1.000069	-0.020530	
251	0.999938	-0.000050	0.088388	0.000050	0.999938	-0.065452	
252	1.000013	-0.000084	-0.572049	0.000084	1.000013	-0.240410	
253	1.000089	-0.000504	-0.328192	0.000504	1.000089	-0.794134	
254	0.999737	0.000205	0.196222	-0.000205	0.999737	0.353850	
255	0.999888	0.000081	0.221330	-0.000081	0.999888	0.028393	
256	0.999929	0.000047	-0.208506	-0.000047	0.999929	-0.159558	
257	0.999944	-0.000003	-0.083495	0.000003	0.999944	0.005171	
258	0.999852	0.000031	0.088373	-0.000031	0.999852	0.146777	
259	0.999937	0.000087	0.003930	-0.000087	0.999937	0.114003	
260	1.000095	-0.000145	-0.067483	0.000145	1.000095	-0.190585	
261	1.000005	0.000180	-0.347462	-0.000180	1.000005	0.091353	
262	0.999848	0.000122	-0.059775	-0.000122	0.999848	0.097786	
263	0.999857	0.000287	-0.203008	-0.000287	0.999857	0.101910	
264	1.000035	0.000292	-0.644418	-0.000292	1.000035	0.226174	
265	0.999844	0.000100	-0.188810	-0.000100	0.999844	-0.212749	
266	0.999811	0.000518	0.093736	-0.000518	0.999811	0.506239	
267	0.999859	0.000439	-0.256360	-0.000439	0.999859	0.006148	
268	1.000162	0.000480	-0.544599	-0.000480	1.000162	0.213024	
269	0.999692	0.000175	-0.056328	-0.000175	0.999692	-0.143017	
270	0.999988	0.000071	-0.137005	-0.000071	0.999988	0.032173	
271	0.999857	0.000140	0.068486	-0.000140	0.999857	0.060271	
272	1.000042	-0.000061	-0.332691	0.000061	1.000042	-0.030329	
273	0.999713	0.000157	-0.072172	-0.000157	0.999713	0.011676	
274	1.000037	-0.000179	-0.032887	0.000179	1.000037	-0.442935	
275	0.999614	-0.000227	0.246713	0.000227	0.999614	-0.423759	
276	1.000241	0.000138	-0.491556	-0.000138	1.000241	-0.086629	
277	0.999739	0.000110	-0.253930	-0.000110	0.999739	-0.451332	
278	1.000335	-0.000003	-0.800407	0.000003	1.000335	-0.397410	
279	0.999903	-0.000238	0.000757	0.000238	0.999903	-0.416176	
280	0.999958	-0.000082	0.037345	0.000082	0.999958	-0.315270	
281	0.999664	-0.000120	0.160986	0.000120	0.999664	-0.227815	
282	0.999797	-0.000520	0.100519	0.000520	0.999797	-0.700732	
283	0.999649	-0.000226	0.392602	0.000226	0.999649	-0.286633	
284	1.000077	0.000046	-0.294077	-0.000046	1.000077	-0.060264	
285	0.999604	-0.000401	0.533364	0.000401	0.999604	-0.581353	
286	1.000014	0.000059	-0.106070	-0.000059	1.000014	-0.101499	
287	0.999579	-0.000457	0.400123	0.000457	0.999579	-0.749244	
288	0.999937	-0.000082	-0.114258	0.000082	0.999937	-0.149077	
289	1.000072	0.000170	-0.148283	-0.000170	1.000072	-0.100329	
290	0.999980	0.000071	-0.088763	-0.000071	0.999980	0.117326	
291	0.999862	0.000361	-0.249795	-0.000361	0.999862	0.230007	
292	1.000200	-0.000279	-0.451385	0.000279	1.000200	-0.596718	
293	0.999805	0.000379	-0.319271	-0.000379	0.999805	0.132066	
294	1.000230	0.000150	-0.128245	-0.000150	1.000230	0.112728	
295	0.999972	0.000001	-0.186316	-0.000001	0.999972	0.100074	
296	1.000079	0.000060	-0.124962	-0.000060	1.000079	-0.058997	
297	1.000004	0.000545	-0.218900	-0.000545	1.000004	0.533953	
298	1.000504	0.000732	-0.402141	-0.000732	1.000504	0.400431	
299	0.999871	0.000845	-0.066790	-0.000845	0.999871	0.451193	
300	1.000154	0.000184	-0.615062	-0.000184	1.000154	0.083029	
301	0.999995	-0.000257	-0.401545	0.000257	0.999995	-0.345138	
302	1.000015	0.000136	-0.210624	-0.000136	1.000015	0.251833	
303	1.000302	0.000118	-0.202437	-0.000118	1.000302	0.068556	
304	0.999958	-0.000225	-0.175761	0.000225	0.999958	-0.196129	
305	0.999730	0.000210	0.120597	-0.000210	0.999730	0.312162	
306	1.000018	0.000335	-0.316260	-0.000335	1.000018	0.312317	
307	0.999660	0.000129	-0.043961	-0.000129	0.999660	0.085295	
308	1.000076	-0.000001	-0.280944	0.000001	1.000076	0.196515	
309	0.999539	0.000048	0.236363	-0.000048	0.999539	0.104669	
310	1.000094	-0.000109	-0.096570	0.000109	1.000094	0.022889	
311	1.000081	-0.000264	-0.377685	0.000264	1.000081	-0.120183	
312	1.000021	-0.000282	-0.177880	0.000282	1.000021	0.124935	
313	0.999863	0.000031	0.047701	-0.000031	0.999863	0.077495	
314	1.000752	-0.000082	-0.224698	0.000082	1.000752	-0.136692	
315	0.999792	0.000213	0.092503	-0.000213	0.999792	0.436728	
316	0.999899	0.000148	-0.010297	-0.000148	0.999899	0.202351	
317	0.999844	0.000342	-0.305690	-0.000342	0.999844	0.687307	
318	1.000388	0.000248	-0.382346	-0.000248	1.000388	0.220449	
319	1.000344	0.000257	-0.138320	-0.000257	1.000344	0.279480	
320	0.999970	0.000265	-0.390780	-0.000265	0.999970	0.326243	
321	0.999832	0.000096	0.023278	-0.000096	0.999832	0.238021	
322	1.000209	0.000515	-0.603932	-0.000515	1.000209	0.608656	
323	1.000029	-0.000122	-0.286243	0.000122	1.000029	0.204326	
324	1.000177	0.000015	-0.063611	-0.000015	1.000177	0.110433	
325	1.000324	0.000058	-0.448258	-0.000058	1.000324	0.509402	
326	1.000321	-0.000103	-0.402420	0.000103	1.000321	-0.172735	
327	1.000166	0.000022	-0.127281	-0.000022	1.000166	0.037491	
328	1.000248	-0.000013	-0.345046	0.000013	1.000248	-0.006657	
329	1.000211	-0.000220	-0.219132	0.000220	1.000211	-0.212677	
330	1.000181	-0.000097	-0.004663	0.000097	1.000181	0.239926	
331	1.000165	-0.000013	-0.119727	0.000013	1.000165	0.165680	
332	1.000051	-0.000303	-0.159720	0.000303	1.000051	0.011641	
333	1.000080	0.000057	-0.422357	-0.000057	1.000080	0.236185	
334	0.999973	-0.000053	-0.006621	0.000053	0.999973	0.238358	
335	1.000066	0.000022	-0.195314	-0.000022	1.000066	0.200310	
336	1.000075	0.000025	-0.183583	-0.000025	1.000075	0.141830	
337	1.000040	0.000085	-0.149324	-0.000085	1.000040	0.207200	
338	1.000003	0.000031	0.137553	-0.000031	1.000003	0.150599	
339	1.000108	-0.000145	-0.272591	0.000145	1.000108	0.349842	
340	1.000039	-0.000093	-0.044568	0.000093	1.000039	0.174269	
341	1.000131	0.000287	-0.155876	-0.000287	1.000131	0.356748	
342	1.000113	0.000010	-0.043965	-0.000010	1.000113	0.003923	
343	1.000251	-0.000001	-0.396465	0.000001	1.000251	0.053653	
344	1.000192	0.000052	-0.324168	-0.000052	1.000192	0.157060	
345	1.000217	0.000031	-0.157309	-0.000031	1.000217	0.314174	
346	1.000199	0.000044	-0.194638	-0.000044	1.000199	0.027685	
347	1.000083	0.000093	-0.166070	-0.000093	1.000083	0.205876	
348	1.000096	0.000211	-0.456678	-0.000211	1.000096	0.289168	
349	1.000099	0.000421	-0.101535	-0.000421	1.000099	0.745126	
350	1.000108	0.000170	-0.159957	-0.000170	1.000108	0.289559	
351	1.000079	0.000252	0.081034	-0.000252	1.000079	0.454217	
352	1.000055	0.000298	-0.010519	-0.000298	1.000055	0.577067	
353	1.000044	0.000249	0.018681	-0.000249	1.000044	0.352028	
354	1.000080	0.000439	-0.156077	-0.000439	1.000080	0.544516	
355	1.000057	0.000082	-0.104701	-0.000082	1.000057	0.206608	
356	0.999911	0.000327	0.279022	-0.000327	0.999911	0.678118	
357	1.000072	0.000262	0.018560	-0.000262	1.000072	0.293525	
358	1.000131	0.000282	-0.048824	-0.000282	1.000131	0.452469	
359	0.999850	0.000211	-0.186339	-0.000211	0.999850	0.261421	
360	1.000149	-0.000078	-0.119888	0.000078	1.000149	-0.019852	
361	1.000309	-0.000020	-0.410343	0.000020	1.000309	-0.063873	
362	1.000055	0.000136	0.037398	-0.000136	1.000055	0.371063	
363	1.000049	0.000069	0.033729	-0.000069	1.000049	0.056937	
364	1.000183	-0.000212	-0.004334	0.000212	1.000183	0.129857	
365	1.000012	0.000020	-0.074100	-0.000020	1.000012	0.205631	
366	0.999843	0.000022	0.392350	-0.000022	0.999843	0.222270	
367	0.999928	0.000106	0.049239	-0.000106	0.999928	0.270727	
368	0.999895	0.000086	0.060894	-0.000086	0.999895	0.163929	
369	1.000013	0.000006	-0.065516	-0.000006	1.000013	0.318001	
370	1.000283	0.000167	-0.192661	-0.000167	1.000283	0.311750	
371	1.000227	0.000210	-0.290082	-0.000210	1.000227	0.345264	
372	1.000115	0.000138	-0.096428	-0.000138	1.000115	0.146712	
373	1.000220	0.000254	-0.171954	-0.000254	1.000220	0.388212	
374	1.000256	0.000031	-0.040003	-0.000031	1.000256	0.109638	
375	1.000294	-0.000013	-0.365421	0.000013	1.000294	0.097946	
376	1.000123	-0.000203	0.103393	0.000203	1.000123	0.381891	
377	1.000227	0.000354	-0.274823	-0.000354	1.000227	0.485373	
378	0.999995	0.000154	-0.006862	-0.000154	0.999995	0.053754	
379	1.000018	0.000207	-0.036441	-0.000207	1.000018	0.324045	
380	1.000197	-0.000107	-0.184807	0.000107	1.000197	-0.047535	
381	1.000180	0.000111	-0.138622	-0.000111	1.000180	0.201230	
382	1.000062	0.000111	-0.249632	-0.000111	1.000062	0.295874	
383	1.000456	0.000163	-0.073431	-0.000163	1.000456	0.284042	
384	1.000305	0.000085	-0.666832	-0.000085	1.000305	0.012483	
385	0.999922	0.000468	0.069143	-0.000468	0.999922	0.809522	
386	1.000245	0.000055	-0.134913	-0.000055	1.000245	0.116980	
387	1.000197	0.000035	0.057199	-0.000035	1.000197	0.138368	
388	1.000099	0.000252	-0.105882	-0.000252	1.000099	0.433662	
389	1.000192	-0.000172	0.153858	0.000172	1.000192	0.223561	
390	1.000325	0.000227	-0.365677	-0.000227	1.000325	0.215813	
391	1.000284	0.000136	-0.140169	-0.000136	1.000284	0.039208	
392	1.000089	0.000248	-0.088148	-0.000248	1.000089	0.353538	
393	1.000207	0.000264	-0.117539	-0.000264	1.000207	0.183076	
394	1.000098	0.000394	-0.069155	-0.000394	1.000098	0.511604	
395	1.000126	0.000555	-0.014302	-0.000555	1.000126	0.728960	
396	1.000173	0.000187	-0.196457	-0.000187	1.000173	-0.028104	
397	1.000173	0.000451	-0.142489	-0.000451	1.000173	0.578160	
398	1.000163	0.000526	-0.210016	-0.000526	1.000163	0.550806	
399	0.999945	0.000182	0.037920	-0.000182	0.999945	0.310668	
400	1.000227	0.000246	-0.259758	-0.000246	1.000227	0.106158	
401	0.999982	0.000197	-0.051277	-0.000197	0.999982	0.268565	
402	1.000065	0.000104	0.097803	-0.000104	1.000065	0.086540	
403	0.999936	0.000204	0.368588	-0.000204	0.999936	0.419026	
404	1.000054	0.000125	-0.045253	-0.000125	1.000054	0.174686	
405	0.999673	0.000360	0.260816	-0.000360	0.999673	0.380127	
406	1.000530	0.000162	-0.481741	-0.000162	1.000530	0.069134	
407	0.999949	-0.000039	-0.035429	0.000039	0.999949	-0.055161	
408	1.000088	-0.000355	0.036418	0.000355	1.000088	-0.032469	
409	0.999942	-0.000085	0.147572	0.000085	0.999942	0.049582	
410	1.000072	-0.000348	0.051755	0.000348	1.000072	-0.075517	
411	0.999923	-0.000218	0.195365	0.000218	0.999923	0.040127	
412	1.000148	-0.000110	-0.092715	0.000110	1.000148	-0.066985	
413	0.999964	0.000034	0.019416	-0.000034	0.999964	0.047480	
414	1.000157	-0.000175	-0.125067	0.000175	1.000157	0.088389	
415	0.999766	-0.000025	0.194222	0.000025	0.999766	0.170941	
416	1.000171	0.000012	0.048739	-0.000012	1.000171	0.001372	
417	0.999947	-0.000253	0.071285	0.000253	0.999947	0.063674	
418	1.000005	-0.000455	0.016536	0.000455	1.000005	0.036734	
419	0.999680	-0.000175	0.254702	0.000175	0.999680	0.214506	
420	0.999790	-0.000256	0.118016	0.000256	0.999790	0.090160	
421	0.999985	-0.000354	0.297135	0.000354	0.999985	-0.058215	
422	0.999963	-0.000275	-0.397592	0.000275	0.999963	-0.018922	
423	1.000012	-0.000277	0.073553	0.000277	1.000012	-0.055516	
424	1.000083	-0.000333	-0.008713	0.000333	1.000083	0.023685	
425	0.999790	-0.000372	0.200661	0.000372	0.999790	-0.069049	
426	0.999988	-0.000223	0.064704	0.000223	0.999988	0.077839	
427	1.000199	-0.000061	-0.123817	0.000061	1.000199	-0.076221	
428	1.000256	-0.000306	-0.095685	0.000306	1.000256	-0.004394	
429	0.999954	-0.000454	0.247925	0.000454	0.999954	0.123966	
430	1.000192	0.000036	-0.054979	-0.000036	1.000192	0.080443	
431	1.000020	-0.000216	0.086834	0.000216	1.000020	0.039518	
432	1.000225	-0.000033	0.048105	0.000033	1.000225	0.279978	
433	0.999816	0.000460	0.347759	-0.000460	0.999816	0.625798	
434	1.000114	0.000041	0.084639	-0.000041	1.000114	0.481317	
435	0.999998	0.000022	0.074516	-0.000022	0.999998	0.078288	
436	1.000131	-0.000124	-0.091022	0.000124	1.000131	0.222506	
437	1.000125	-0.000133	-0.035717	0.000133	1.000125	-0.067053	
438	1.000253	-0.000547	-0.239542	0.000547	1.000253	-0.065164	
439	0.999995	-0.000295	0.164169	0.000295	0.999995	0.074388	
440	1.000185	-0.000189	0.112337	0.000189	1.000185	0.241726	
441	1.000124	-0.000289	-0.066515	0.000289	1.000124	-0.149443	
442	1.000796	0.000134	-0.623367	-0.000134	1.000796	0.134704	
443	1.000593	-0.000095	-0.283754	0.000095	1.000593	0.252152	
444	1.000175	-0.000143	0.006019	0.000143	1.000175	-0.069916	
445	1.000297	-0.000283	0.063733	0.000283	1.000297	0.354178	
446	1.000346	-0.000136	0.085687	0.000136	1.000346	0.317278	
447	1.000271	0.000034	0.074483	-0.000034	1.000271	0.649143	
448	1.000480	0.000061	-0.376346	-0.000061	1.000480	0.263521	
449	1.000260	-0.000190	-0.083955	0.000190	1.000260	0.242922	
450	0.999986	-0.000065	0.310802	0.000065	0.999986	0.407231	
451	0.999899	-0.000082	0.631196	0.000082	0.999899	0.353571	
452	1.000293	-0.000078	-0.040925	0.000078	1.000293	0.076898	
453	1.000051	0.000206	0.095665	-0.000206	1.000051	0.520188	
454	1.000231	-0.000278	0.266723	0.000278	1.000231	0.225067	
455	1.000021	0.000164	0.489821	-0.000164	1.000021	0.545421	
456	1.000980	0.000287	-0.562430	-0.000287	1.000980	0.250793	
457	0.999929	0.000044	0.380599	-0.000044	0.999929	0.632189	
458	1.000297	0.000456	0.119913	-0.000456	1.000297	0.934005	
459	0.999881	0.000329	0.539157	-0.000329	0.999881	0.698826	
460	1.000420	0.000186	-0.457582	-0.000186	1.000420	0.237520	
461	1.000004	0.000552	0.130428	-0.000552	1.000004	1.055760	
462	1.000163	0.000395	-0.058826	-0.000395	1.000163	0.530741	
463	0.999953	0.000264	0.025577	-0.000264	0.999953	0.701676	
464	1.000274	0.000385	-0.168734	-0.000385	1.000274	0.671285	
465	0.999992	-0.000179	0.132617	0.000179	0.999992	0.222157	
466	1.000221	0.000092	-0.032032	-0.000092	1.000221	0.279316	
467	0.999892	0.000230	0.423790	-0.000230	0.999892	0.401346	
468	1.000999	0.000385	-0.395960	-0.000385	1.000999	0.762043	
469	1.000056	0.000435	0.239883	-0.000435	1.000056	0.426572	
470	1.000160	0.000016	-0.027575	-0.000016	1.000160	0.009733	
471	1.000058	0.000026	0.133888	-0.000026	1.000058	0.199439	
472	1.000727	-0.000303	0.368146	0.000303	1.000727	0.070535	
473	0.999755	0.000052	0.605016	-0.000052	0.999755	0.318668	
474	1.000201	-0.000319	0.219549	0.000319	1.000201	-0.108344	
475	1.000029	-0.000065	0.001328	0.000065	1.000029	-0.003149	
476	1.000221	0.000065	-0.080508	-0.000065	1.000221	0.192696	
477	1.000057	0.000004	0.172754	-0.000004	1.000057	0.052544	
478	1.000539	-0.000042	-0.148010	0.000042	1.000539	0.027165	
479	0.999959	-0.000036	0.659991	0.000036	0.999959	0.231336	
480	1.000419	0.000136	-0.298967	-0.000136	1.000419	0.259308	
481	1.000010	-0.000164	0.180068	0.000164	1.000010	-0.190750	
482	1.000153	0.000012	0.058135	-0.000012	1.000153	-0.004931	
483	0.999941	-0.000293	0.835544	0.000293	0.999941	-0.022576	
484	1.000043	-0.000137	0.249360	0.000137	1.000043	-0.051273	
485	0.999851	0.000021	0.564093	-0.000021	0.999851	0.188450	
486	1.000067	-0.000118	0.146956	0.000118	1.000067	-0.115746	
487	0.999830	0.000130	0.117111	-0.000130	0.999830	0.238099	
488	1.000053	-0.000061	0.012516	0.000061	1.000053	-0.168565	
489	0.999927	-0.000008	0.222951	0.000008	0.999927	0.061470	
490	1.000043	0.000208	0.107400	-0.000208	1.000043	0.310330	
491	0.999785	0.000019	0.333387	-0.000019	0.999785	0.078630	
492	1.000145	-0.000334	0.524251	0.000334	1.000145	-0.163779	
493	0.999583	0.000251	0.551656	-0.000251	0.999583	0.484797	
494	0.999959	-0.000205	0.515277	0.000205	0.999959	0.055328	
495	0.999966	0.000114	0.110392	-0.000114	0.999966	0.044726	
496	1.000013	0.000150	-0.030383	-0.000150	1.000013	0.221356	
497	0.999940	0.000416	0.309605	-0.000416	0.999940	0.306873	
498	0.999916	0.000148	0.062555	-0.000148	0.999916	0.122938	
499	1.000057	0.000178	0.104370	-0.000178	1.000057	0.081341	
500	0.999969	0.000122	0.232692	-0.000122	0.999969	0.091886	
501	1.000112	0.000242	-0.006658	-0.000242	1.000112	-0.026666	
502	0.999878	-0.000056	0.460851	0.000056	0.999878	-0.186345	
503	0.999907	0.000162	0.480286	-0.000162	0.999907	0.370761	
504	1.000056	-0.000184	0.759981	0.000184	1.000056	-0.279017	
505	1.000077	-0.000099	0.110536	0.000099	1.000077	-0.094350	
506	0.999953	-0.000083	0.311439	0.000083	0.999953	-0.022760	
507	0.999977	-0.000284	0.478606	0.000284	0.999977	-0.277265	
508	1.000033	-0.000079	0.369008	0.000079	1.000033	-0.161742	
509	1.000209	-0.000034	-0.259240	0.000034	1.000209	-0.084193	
510	1.000109	-0.000280	0.088474	0.000280	1.000109	-0.511654	
511	1.000349	0.000089	-0.410094	-0.000089	1.000349	-0.035073	
512	0.999817	-0.000007	0.554449	0.000007	0.999817	0.104907	
513	0.999994	-0.000003	-0.009787	0.000003	0.999994	-0.065424	
514	0.999916	0.000030	0.209169	-0.000030	0.999916	0.129319	
515	0.999973	0.000104	0.117269	-0.000104	0.999973	0.157084	
516	1.000320	-0.000143	-0.117987	0.000143	1.000320	-0.376212	
517	0.999797	0.000669	0.390942	-0.000669	0.999797	1.003477	
518	1.000396	0.000424	-0.183833	-0.000424	1.000396	-0.103355	
519	1.000200	0.000120	-0.182753	-0.000120	1.000200	0.093356	
520	1.000059	0.000393	-0.276652	-0.000393	1.000059	0.305839	
521	0.999863	0.000306	0.267548	-0.000306	0.999863	0.386021	
522	1.000100	0.000154	-0.034999	-0.000154	1.000100	0.129447	
523	1.000077	0.000076	0.012400	-0.000076	1.000077	0.030010	
524	1.000065	0.000097	0.012279	-0.000097	1.000065	0.045626	
525	0.999772	0.000027	0.448738	-0.000027	0.999772	0.091105	
526	1.000193	0.000173	0.118439	-0.000173	1.000193	0.212806	
527	1.000029	-0.000033	0.179824	0.000033	1.000029	-0.159833	
528	1.000122	-0.000043	-0.017723	0.000043	1.000122	-0.151896	
529	0.999965	-0.000156	0.189298	0.000156	0.999965	-0.207869	
530	1.000055	0.000052	-0.069903	-0.000052	1.000055	0.138626	
531	0.999880	-0.000171	0.363513	0.000171	0.999880	-0.384739	
532	1.000228	-0.000391	0.281121	0.000391	1.000228	-0.659955	
533	0.999719	-0.000449	0.614049	0.000449	0.999719	-0.427967	
534	1.000047	-0.000401	-0.138933	0.000401	1.000047	-0.169059	
535	0.999837	-0.000302	1.043494	0.000302	0.999837	-0.303631	
536	1.000085	-0.000444	-0.085425	0.000444	1.000085	-0.506808	
537	0.999878	-0.000240	0.194983	0.000240	0.999878	-0.180018	
538	1.000024	-0.000450	0.124467	0.000450	1.000024	-0.457154	
539	0.999859	-0.000405	0.147958	0.000405	0.999859	-0.482759	
540	0.999957	-0.000257	0.439925	0.000257	0.999957	0.031633	
541	0.999681	-0.000416	0.617616	0.000416	0.999681	-0.504319	
542	1.000011	0.000000	0.152868	-0.000000	1.000011	0.035766	
543	0.999937	-0.000026	0.127510	0.000026	0.999937	-0.066177	
544	0.999988	-0.000045	0.214356	0.000045	0.999988	0.007898	
545	0.999680	0.000053	0.486025	-0.000053	0.999680	0.111527	
546	0.999910	-0.000340	0.243699	0.000340	0.999910	-0.341674	
547	0.999899	0.000185	0.512483	-0.000185	0.999899	0.370776	
548	1.000096	-0.000447	0.357860	0.000447	1.000096	-0.682780	
549	0.999901	0.000063	0.262316	-0.000063	0.999901	0.150578	
550	1.000113	-0.000114	0.329896	0.000114	1.000113	-0.158235	
551	0.999917	0.000004	0.192315	-0.000004	0.999917	0.114337	
552	1.000160	-0.000124	-0.149991	0.000124	1.000160	-0.346946	
553	0.999859	-0.000065	0.342018	0.000065	0.999859	0.066849	
554	1.000053	-0.000212	0.230610	0.000212	1.000053	-0.210301	
555	0.999930	0.000019	0.241403	-0.000019	0.999930	0.046868	
556	1.000020	-0.000025	0.046432	0.000025	1.000020	0.014170	
557	0.999806	0.000184	0.623150	-0.000184	0.999806	0.300358	
558	0.999986	0.000077	0.121155	-0.000077	0.999986	0.015167	
559	0.999803	0.000199	0.464939	-0.000199	0.999803	0.295201	
560	0.999968	0.000068	0.168414	-0.000068	0.999968	-0.051838	
561	0.999764	0.000108	0.284759	-0.000108	0.999764	0.137106	
562	0.999973	0.000214	0.112034	-0.000214	0.999973	0.159625	
563	0.999533	0.000275	0.600614	-0.000275	0.999533	0.424714	
564	1.000074	0.000145	0.069069	-0.000145	1.000074	0.133664	
565	0.999903	0.000385	0.544165	-0.000385	0.999903	0.218743	
566	0.999879	0.000247	0.264107	-0.000247	0.999879	0.157308	
567	0.999961	0.000094	0.052900	-0.000094	0.999961	-0.063070	
568	0.999849	0.000095	0.237587	-0.000095	0.999849	0.165237	
569	0.999836	-0.000046	0.112624	0.000046	0.999836	-0.025280	
570	0.999856	0.000133	0.295037	-0.000133	0.999856	0.185238	
571	0.999822	0.000113	0.209696	-0.000113	0.999822	0.192527	
572	0.999955	0.000370	0.203369	-0.000370	0.999955	-0.025048	
573	0.999911	0.000146	0.026252	-0.000146	0.999911	0.116952	
574	0.999975	-0.000033	-0.130450	0.000033	0.999975	-0.021728	
575	0.999844	-0.000019	0.126050	0.000019	0.999844	0.080381	
576	0.999911	0.000022	0.054869	-0.000022	0.999911	0.101082	
577	0.999836	0.000234	-0.097948	-0.000234	0.999836	0.292216	
578	0.999864	0.000134	0.006711	-0.000134	0.999864	0.215608	
579	1.000042	0.000229	-0.292965	-0.000229	1.000042	0.205198	
580	0.999875	0.000412	-0.032551	-0.000412	0.999875	0.261678	
581	0.999890	0.000341	-0.084877	-0.000341	0.999890	0.306523	
582	0.999776	0.000006	0.337682	-0.000006	0.999776	0.076805	
583	0.999849	0.000341	0.208634	-0.000341	0.999849	0.163595	
584	0.999946	0.000064	0.095303	-0.000064	0.999946	0.049264	
585	0.999856	0.000064	-0.052017	-0.000064	0.999856	-0.003647	
586	0.999875	-0.000022	0.242252	0.000022	0.999875	0.050154	
587	0.999946	0.000144	0.055895	-0.000144	0.999946	-0.013273	
588	0.999888	0.000030	0.045238	-0.000030	0.999888	0.065149	
589	0.999938	-0.000110	-0.015387	0.000110	0.999938	-0.028327	
590	0.999773	0.000348	-0.313975	-0.000348	0.999773	0.595404	
591	0.999861	0.000132	0.100520	-0.000132	0.999861	0.135161	
592	0.999902	0.000447	-0.039714	-0.000447	0.999902	0.402094	
593	1.000419	0.000417	-0.639002	-0.000417	1.000419	0.143406	
594	0.999904	0.000173	-0.573326	-0.000173	0.999904	0.185765	
595	0.999963	0.000201	0.051814	-0.000201	0.999963	0.235441	
596	0.999802	0.000282	0.096719	-0.000282	0.999802	0.244481	
597	0.999745	0.000128	0.040671	-0.000128	0.999745	0.032533	
598	0.999771	0.000212	0.150151	-0.000212	0.999771	0.314063	
599	0.999786	0.000507	0.051773	-0.000507	0.999786	0.594060	
600	0.999831	0.000132	-0.003116	-0.000132	0.999831	-0.012354	
601	0.999782	0.000033	0.088616	-0.000033	0.999782	0.102480	
602	0.999775	0.000148	-0.023169	-0.000148	0.999775	0.241763	
603	0.999904	-0.000111	0.019270	0.000111	0.999904	-0.242122	
604	0.999919	-0.000291	-0.096285	0.000291	0.999919	-0.239994	
605	0.999799	-0.000213	0.177251	0.000213	0.999799	-0.191612	
606	0.999814	-0.000116	0.282903	0.000116	0.999814	-0.072612	
607	0.999778	-0.000094	0.378878	0.000094	0.999778	-0.040015	
608	0.999840	-0.000009	0.241128	0.000009	0.999840	0.021769	
609	0.999888	-0.000008	0.151870	0.000008	0.999888	-0.094048	
610	0.999870	-0.000152	-0.333827	0.000152	0.999870	-0.241326	
611	0.999861	-0.000161	-0.241351	0.000161	0.999861	-0.089423	
612	0.999872	0.000218	0.052429	-0.000218	0.999872	0.087324	
613	0.999630	0.000236	0.303988	-0.000236	0.999630	0.023033	
614	0.999872	0.000102	0.218411	-0.000102	0.999872	-0.034388	
615	0.999796	-0.000013	0.194811	0.000013	0.999796	0.063382	
616	0.999904	-0.000163	0.126458	0.000163	0.999904	-0.148883	
617	0.999733	-0.000065	0.389315	0.000065	0.999733	0.021070	
618	0.999932	0.000021	-0.003219	-0.000021	0.999932	-0.079601	
619	0.999864	-0.000237	0.164901	0.000237	0.999864	-0.283222	
620	0.999929	0.000048	0.093058	-0.000048	0.999929	-0.006544	
621	0.999810	0.000058	0.354169	-0.000058	0.999810	0.087787	
622	0.999768	0.000038	0.135396	-0.000038	0.999768	-0.198870	
623	0.999761	0.000002	0.231301	-0.000002	0.999761	-0.002297	
624	0.999815	-0.000106	0.130895	0.000106	0.999815	-0.127916	
625	0.999598	-0.000096	0.142274	0.000096	0.999598	-0.314989	
626	0.999780	-0.000006	0.241073	0.000006	0.999780	-0.070017	
627	0.999885	-0.000071	0.296683	0.000071	0.999885	-0.094017	
628	0.999854	0.000182	0.048275	-0.000182	0.999854	-0.303258	
629	0.999589	0.000192	0.331120	-0.000192	0.999589	0.171732	
630	0.999901	0.000106	0.175130	-0.000106	0.999901	0.074319	
631	0.999747	0.000204	0.296848	-0.000204	0.999747	0.206087	
632	0.999875	0.000316	0.154391	-0.000316	0.999875	0.158127	
633	0.999698	0.000270	0.247674	-0.000270	0.999698	0.146486	
634	0.999756	0.000278	0.108446	-0.000278	0.999756	-0.196548	
635	0.999596	0.000114	0.080558	-0.000114	0.999596	0.401087	
636	0.999896	0.000322	0.329250	-0.000322	0.999896	0.117049	
637	0.999936	0.000038	0.308201	-0.000038	0.999936	-0.109408	
638	0.999851	0.000138	0.085371	-0.000138	0.999851	-0.001863	
639	0.999785	0.000058	0.187130	-0.000058	0.999785	0.023213	
640	0.999907	0.000183	0.165494	-0.000183	0.999907	0.046750	
641	0.999820	0.000203	-0.166380	-0.000203	0.999820	0.076942	
642	0.999998	0.000226	-0.082397	-0.000226	0.999998	0.092193	
643	0.999587	0.000311	0.451235	-0.000311	0.999587	0.340648	
644	0.999913	0.000381	-0.053427	-0.000381	0.999913	0.185406	
645	0.999736	0.000197	0.003917	-0.000197	0.999736	0.371254	
646	0.999904	0.000402	0.069906	-0.000402	0.999904	0.063064	
647	0.999530	0.000195	0.739966	-0.000195	0.999530	0.310199	
648	0.999950	0.000142	0.122528	-0.000142	0.999950	-0.050845	
649	0.999778	-0.000102	0.362863	0.000102	0.999778	-0.101822	
650	0.999878	-0.000027	0.448869	0.000027	0.999878	-0.084673	
651	0.999800	0.000144	0.360325	-0.000144	0.999800	0.152271	
652	0.999900	0.000145	0.467615	-0.000145	0.999900	0.197980	
653	0.999815	0.000140	0.402103	-0.000140	0.999815	0.104900	
654	1.000061	0.000141	0.047769	-0.000141	1.000061	0.042069	
655	0.999888	0.000138	0.187942	-0.000138	0.999888	0.053168	
656	0.999963	-0.000213	0.399893	0.000213	0.999963	-0.316903	
657	0.999697	-0.000573	0.736504	0.000573	0.999697	-0.464737	
658	0.999910	-0.000098	0.344933	0.000098	0.999910	-0.040454	
659	0.999673	-0.000635	0.658989	0.000635	0.999673	-0.657209	
660	0.999988	-0.000150	0.173844	0.000150	0.999988	-0.178537	
661	0.999846	-0.000156	0.511332	0.000156	0.999846	-0.150817	
662	1.000010	-0.000185	0.261535	0.000185	1.000010	-0.230587	
663	0.999907	-0.000228	0.504747	0.000228	0.999907	-0.332549	
664	1.000022	-0.000007	0.126386	0.000007	1.000022	0.105170	
665	0.999920	-0.000031	0.221131	0.000031	0.999920	0.027941	
666	1.000022	-0.000151	0.114617	0.000151	1.000022	-0.145382	
667	0.999745	-0.000383	0.557419	0.000383	0.999745	-0.297260	
668	0.999924	-0.000248	0.252826	0.000248	0.999924	-0.148178	
669	0.999645	-0.000132	0.827445	0.000132	0.999645	0.060664	
670	0.999508	-0.000519	0.803911	0.000519	0.999508	-0.291345	
671	0.999997	-0.000428	0.761568	0.000428	0.999997	-0.215337	
672	0.999540	-0.000575	1.204886	0.000575	0.999540	0.118986	
673	0.999955	-0.000365	0.638677	0.000365	0.999955	-0.254884	
674	1.000061	-0.000229	0.797376	0.000229	1.000061	-0.051477	
675	1.000067	-0.000116	0.218094	0.000116	1.000067	-0.056804	
676	1.000024	-0.000493	0.403688	0.000493	1.000024	-0.502577	
677	1.000102	-0.000270	0.287685	0.000270	1.000102	-0.218705	
678	0.999409	-0.000536	0.613649	0.000536	0.999409	-0.337541	
679	1.000059	-0.000600	0.512935	0.000600	1.000059	-0.287744	
680	1.000056	-0.000429	0.261697	0.000429	1.000056	-0.147846	
681	1.000044	-0.000301	0.270420	0.000301	1.000044	-0.369746	
682	1.000028	-0.000181	0.244097	0.000181	1.000028	-0.221281	
683	0.999956	-0.000270	0.223153	0.000270	0.999956	-0.030414	
684	1.000048	-0.000241	0.172899	0.000241	1.000048	-0.187142	
685	0.999968	-0.000417	0.491584	0.000417	0.999968	0.019491	
686	0.999947	-0.000294	0.473860	0.000294	0.999947	0.027916	
687	0.999950	0.000202	0.550952	-0.000202	0.999950	0.524759	
688	0.999957	-0.000139	0.241886	0.000139	0.999957	0.211221	
689	0.999964	-0.000126	0.441556	0.000126	0.999964	0.044168	
690	1.000022	0.000134	0.214741	-0.000134	1.000022	0.814400	
691	0.999799	0.000022	0.261748	-0.000022	0.999799	0.332188	
692	0.999873	0.000122	0.373956	-0.000122	0.999873	0.487141	
693	0.999322	-0.000031	0.939818	0.000031	0.999322	0.329647	
694	0.999618	-0.000233	0.621176	0.000233	0.999618	0.301683	
695	0.999589	0.000125	1.090962	-0.000125	0.999589	0.221939	
696	0.999831	-0.000119	0.454290	0.000119	0.999831	0.236481	
697	0.999458	0.000080	0.465681	-0.000080	0.999458	0.314913	
698	0.999936	0.000130	0.851291	-0.000130	0.999936	0.600326	
699	0.999938	-0.000053	0.312672	0.000053	0.999938	0.172559	
700	0.999721	-0.000513	0.473452	0.000513	0.999721	0.112985	
701	0.999937	-0.000081	0.573235	0.000081	0.999937	0.230798	
702	0.999930	0.000124	0.433769	-0.000124	0.999930	0.444589	
703	0.999914	0.000046	0.242805	-0.000046	0.999914	0.157314	
704	0.999802	-0.000069	0.237545	0.000069	0.999802	0.226183	
705	0.999888	0.000141	0.295861	-0.000141	0.999888	0.381565	
706	0.999738	0.000297	0.457603	-0.000297	0.999738	0.529395	
707	0.999972	-0.000112	0.312137	0.000112	0.999972	0.265249	
708	0.999882	0.000019	0.429108	-0.000019	0.999882	0.191206	
709	0.999539	0.000013	0.300337	-0.000013	0.999539	0.332031	
710	0.999759	0.000082	0.425440	-0.000082	0.999759	0.289308	
711	0.999622	0.000250	0.534751	-0.000250	0.999622	0.604057	
712	0.999745	0.000290	0.537093	-0.000290	0.999745	0.518759	
713	0.999847	0.000197	0.244543	-0.000197	0.999847	0.359115	
714	0.999641	0.000362	0.258390	-0.000362	0.999641	0.602651	
715	0.999556	0.000087	1.136980	-0.000087	0.999556	0.470129	
716	0.999668	0.000095	0.286818	-0.000095	0.999668	0.313723	
717	0.999786	0.000090	0.494991	-0.000090	0.999786	0.314454	
718	0.999336	0.000499	0.544931	-0.000499	0.999336	0.944661	
719	0.999666	0.000355	0.610071	-0.000355	0.999666	0.505425	
720	0.999696	0.000247	0.294034	-0.000247	0.999696	0.268068	
721	0.999814	0.000251	0.173952	-0.000251	0.999814	0.334154	
722	0.999687	0.000167	0.505133	-0.000167	0.999687	0.388518	
723	0.999442	0.000193	0.531157	-0.000193	0.999442	0.267392	
724	0.999459	0.000041	0.665904	-0.000041	0.999459	0.406849	
725	0.999618	-0.000061	0.576021	0.000061	0.999618	0.298830	
726	0.999881	0.000134	0.444811	-0.000134	0.999881	0.184639	
727	0.999772	0.000094	0.411358	-0.000094	0.999772	0.232446	
728	0.999846	0.000117	0.547141	-0.000117	0.999846	0.352293	
729	0.999674	0.000389	0.517893	-0.000389	0.999674	0.606514	
730	0.999854	0.000276	0.244326	-0.000276	0.999854	0.461754	
731	0.999724	0.000147	0.604480	-0.000147	0.999724	0.269412	
732	0.999474	0.000139	0.543349	-0.000139	0.999474	0.407519	
733	0.999810	-0.000063	0.439753	0.000063	0.999810	-0.014472	
734	0.999654	-0.000126	0.525869	0.000126	0.999654	0.020971	
735	0.999855	-0.000246	0.601144	0.000246	0.999855	0.055608	
736	0.999839	0.000086	0.274814	-0.000086	0.999839	0.149586	
737	0.999752	-0.000048	0.547249	0.000048	0.999752	0.002534	
738	0.999620	-0.000018	0.598027	0.000018	0.999620	0.123036	
739	0.999605	0.000279	0.742586	-0.000279	0.999605	0.521361	
740	0.999980	0.000169	0.158578	-0.000169	0.999980	0.205835	
741	1.000101	-0.000093	0.141010	0.000093	1.000101	-0.073153	
742	0.999794	-0.000058	-0.063234	0.000058	0.999794	0.151757	
743	0.999893	0.000103	0.292505	-0.000103	0.999893	0.420494	
744	0.999780	0.000071	0.379192	-0.000071	0.999780	0.203094	
745	0.998951	-0.000033	1.025388	0.000033	0.998951	0.415697	
746	1.000269	0.000179	0.159740	-0.000179	1.000269	0.411599	
747	0.999638	0.000108	0.619807	-0.000108	0.999638	0.314471	
748	0.999518	0.000163	0.889587	-0.000163	0.999518	0.267193	
749	0.999413	0.000282	1.297700	-0.000282	0.999413	0.464897	
750	0.999740	0.000015	0.615356	-0.000015	0.999740	0.174523	
751	0.999977	-0.000019	0.563274	0.000019	0.999977	0.233803	
752	0.999594	0.000096	0.643249	-0.000096	0.999594	0.362046	
753	0.999643	-0.000242	1.175478	0.000242	0.999643	-0.182726	
754	0.999949	0.000160	0.379839	-0.000160	0.999949	0.228399	
755	0.999341	-0.000064	0.723963	0.000064	0.999341	0.118403	
756	0.999471	0.000112	0.433225	-0.000112	0.999471	0.271005	
757	0.999842	0.000105	0.325005	-0.000105	0.999842	0.126587	
758	1.000097	0.000091	0.063654	-0.000091	1.000097	0.151425	
759	1.000173	0.000096	0.283453	-0.000096	1.000173	0.062343	
760	0.999708	0.000216	0.653735	-0.000216	0.999708	0.118286	
761	0.999808	0.000349	0.423643	-0.000349	0.999808	0.585034	
762	1.000098	0.000422	0.307255	-0.000422	1.000098	0.329043	
763	0.999971	0.000496	0.621703	-0.000496	0.999971	0.114752	
764	1.000138	-0.000007	0.046270	0.000007	1.000138	0.084744	
765	0.999842	-0.000020	0.389347	0.000020	0.999842	0.113922	
766	0.999989	-0.000085	0.811291	0.000085	0.999989	-0.072282	
767	0.999872	-0.000121	0.272914	0.000121	0.999872	-0.058237	
768	1.000316	-0.000041	0.061879	0.000041	1.000316	-0.178896	
769	0.999631	0.000064	0.588067	-0.000064	0.999631	0.123288	
770	1.000083	-0.000038	0.184409	0.000038	1.000083	0.039751	
771	1.000060	-0.000009	0.231997	0.000009	1.000060	-0.061529	
772	1.000096	-0.000044	0.307330	0.000044	1.000096	-0.018238	
773	0.999831	-0.000007	0.590326	0.000007	0.999831	0.036800	
774	1.000220	-0.000007	0.145887	0.000007	1.000220	0.028100	
775	0.999924	0.000123	0.389733	-0.000123	0.999924	0.216462	
776	1.000096	0.000065	0.334297	-0.000065	1.000096	0.128611	
777	1.000914	0.000279	-0.194908	-0.000279	1.000914	0.160269	
778	0.999953	0.000296	0.118065	-0.000296	0.999953	0.216693	
779	0.999692	0.000479	0.617527	-0.000479	0.999692	0.590997	
780	1.000492	0.000419	-0.178772	-0.000419	1.000492	0.227857	
781	1.000395	0.000291	-0.219720	-0.000291	1.000395	0.214318	
782	1.000087	0.000381	0.112295	-0.000381	1.000087	0.391217	
783	1.000167	0.000524	-0.149480	-0.000524	1.000167	0.678807	
784	0.999727	0.000426	0.072858	-0.000426	0.999727	0.131904	
785	1.000196	0.000490	0.063752	-0.000490	1.000196	0.442859	
786	1.000006	0.000193	0.241862	-0.000193	1.000006	0.268028	
787	0.999945	0.000303	0.120637	-0.000303	0.999945	0.287235	
788	0.999884	0.000195	0.369229	-0.000195	0.999884	0.200592	
789	0.999110	0.000199	1.040565	-0.000199	0.999110	0.415475	
790	0.999947	0.000102	0.049787	-0.000102	0.999947	0.071853	
791	0.999768	0.000078	0.275957	-0.000078	0.999768	0.175771	
792	0.999861	0.000075	0.306066	-0.000075	0.999861	0.163830	
793	0.999709	0.000314	0.373046	-0.000314	0.999709	0.313774	
794	0.999767	0.000180	0.217063	-0.000180	0.999767	0.119861	
795	0.999693	0.000035	0.295621	-0.000035	0.999693	0.077630	
796	0.999898	0.000124	0.170137	-0.000124	0.999898	0.149451	
797	0.999873	0.000105	0.149817	-0.000105	0.999873	0.155702	
798	0.999903	0.000115	0.255127	-0.000115	0.999903	-0.047188	
799	0.999751	0.000088	0.237137	-0.000088	0.999751	0.158954	
800	1.000054	0.000049	0.111934	-0.000049	1.000054	0.140387	
801	0.999906	-0.000076	0.241613	0.000076	0.999906	0.027457	
802	1.000053	-0.000074	0.254309	0.000074	1.000053	0.084018	
803	0.999910	0.000136	0.329105	-0.000136	0.999910	0.167502	
804	1.000323	0.000039	-0.060009	-0.000039	1.000323	-0.090520	
805	1.000404	-0.000311	0.192024	0.000311	1.000404	-0.402324	
