0	1.000000	0.000000	0.000000	0.000000	1.000000	0.000000	
1	0.998219	-0.000853	0.544177	0.000853	0.998219	-1.317688	
2	0.997541	-0.001121	2.159354	0.001121	0.997541	-1.185608	
3	0.998008	-0.000410	1.599207	0.000410	0.998008	-0.875430	
4	0.997644	-0.000605	2.196406	0.000605	0.997644	-0.978827	
5	0.998251	-0.000481	1.763150	0.000481	0.998251	-1.472632	
6	0.998105	-0.000423	1.796926	0.000423	0.998105	-1.201276	
7	0.998019	-0.001039	1.663894	0.001039	0.998019	-1.751813	
8	0.998640	-0.001316	0.979345	0.001316	0.998640	-1.778269	
9	0.998144	-0.000226	0.841706	0.000226	0.998144	-0.877596	
10	0.997938	-0.000481	1.369001	0.000481	0.997938	-1.232868	
11	0.998609	-0.001491	1.145397	0.001491	0.998609	-2.021120	
12	0.997654	0.000018	2.205329	-0.000018	0.997654	-0.936652	
13	0.998502	-0.000638	0.983704	0.000638	0.998502	-1.239584	
14	0.998035	-0.001243	1.901422	0.001243	0.998035	-1.991546	
15	0.998363	0.000087	1.032547	-0.000087	0.998363	-0.624430	
16	0.998084	-0.000585	1.734152	0.000585	0.998084	-1.545761	
17	0.998370	-0.000841	1.324590	0.000841	0.998370	-1.812296	
18	0.997881	-0.000765	1.861574	0.000765	0.997881	-1.420194	
19	0.997941	-0.000079	1.478591	0.000079	0.997941	-0.798803	
20	0.997357	-0.000550	1.579700	0.000550	0.997357	-1.002773	
21	0.997939	-0.000862	2.118789	0.000862	0.997939	-1.634596	
22	0.997833	-0.000461	2.329974	0.000461	0.997833	-1.024603	
23	0.998051	-0.000648	2.154961	0.000648	0.998051	-0.961665	
24	0.998250	-0.000242	2.531375	0.000242	0.998250	-1.155842	
25	0.998494	-0.000917	1.958217	0.000917	0.998494	-1.423468	
26	0.998072	-0.000475	2.669671	0.000475	0.998072	-0.997966	
27	0.998097	-0.000003	1.786314	0.000003	0.998097	-0.406075	
28	0.997865	-0.001439	2.765242	0.001439	0.997865	-1.707504	
29	0.998269	0.000211	2.094897	-0.000211	0.998269	-1.188119	
30	0.997852	-0.001019	2.502687	0.001019	0.997852	-1.006354	
31	0.998112	-0.000614	2.436758	0.000614	0.998112	-1.561347	
32	0.997717	-0.000671	2.729399	0.000671	0.997717	-0.916780	
33	0.998062	-0.000492	2.514644	0.000492	0.998062	-1.143707	
34	0.998042	-0.000474	2.266706	0.000474	0.998042	-0.828121	
35	0.998113	-0.000473	2.151243	0.000473	0.998113	-1.093738	
36	0.998061	-0.000275	2.337630	0.000275	0.998061	-0.417037	
37	0.998058	-0.000644	2.417423	0.000644	0.998058	-0.760376	
38	0.998441	-0.000884	1.988404	0.000884	0.998441	-1.215068	
39	0.998762	-0.001458	1.773143	0.001458	0.998762	-1.347916	
40	0.997441	-0.001782	2.980786	0.001782	0.997441	-1.447580	
41	0.998752	-0.000810	1.936720	0.000810	0.998752	-1.006809	
42	0.998366	-0.000758	2.439364	0.000758	0.998366	-1.142353	
43	0.998690	-0.001747	1.915825	0.001747	0.998690	-1.356300	
44	0.998513	-0.000909	1.902439	0.000909	0.998513	-1.367340	
45	0.998711	-0.000563	1.836867	0.000563	0.998711	-0.548818	
46	0.998758	-0.000807	1.725352	0.000807	0.998758	-0.900183	
47	0.998991	0.000573	0.966456	-0.000573	0.998991	0.371335	
48	0.998703	0.000506	1.344492	-0.000506	0.998703	0.298692	
49	0.998661	-0.000312	1.219006	0.000312	0.998661	-0.460708	
50	0.998628	-0.000219	1.653462	0.000219	0.998628	-0.203788	
51	0.998877	-0.000019	1.159818	0.000019	0.998877	-0.262314	
52	0.998219	-0.000068	2.042410	0.000068	0.998219	-0.063290	
53	0.998902	-0.000124	1.173016	0.000124	0.998902	0.008606	
54	0.998690	-0.000230	1.187834	0.000230	0.998690	0.093250	
55	0.998639	-0.000490	0.786680	0.000490	0.998639	-0.464036	
56	0.998476	-0.000174	1.581379	0.000174	0.998476	0.283641	
57	0.998534	0.000336	1.227216	-0.000336	0.998534	0.298650	
58	0.998694	0.000364	1.183680	-0.000364	0.998694	0.515095	
59	0.998845	0.000591	0.441765	-0.000591	0.998845	0.777109	
60	0.998844	0.000602	1.050478	-0.000602	0.998844	0.702849	
61	0.999001	0.000045	0.573896	-0.000045	0.999001	0.091794	
62	0.998396	0.000041	1.621762	-0.000041	0.998396	0.411665	
63	0.998834	-0.000158	0.882984	0.000158	0.998834	0.455891	
64	0.998416	0.000076	1.052636	-0.000076	0.998416	0.244847	
65	0.999216	-0.000311	0.327347	0.000311	0.999216	0.008786	
66	0.998423	-0.000402	1.537585	0.000402	0.998423	-0.070198	
67	0.998919	0.000359	0.911770	-0.000359	0.998919	0.826455	
68	0.998227	0.000340	1.844661	-0.000340	0.998227	0.681924	
69	0.998911	0.000150	0.253594	-0.000150	0.998911	0.265517	
70	0.998643	0.000156	1.443048	-0.000156	0.998643	0.462300	
71	0.998874	-0.000120	0.926552	0.000120	0.998874	0.176293	
72	0.998776	0.000188	1.107175	-0.000188	0.998776	0.596142	
73	0.999936	0.000619	-0.128494	-0.000619	0.999936	0.762243	
74	0.998736	0.000022	1.458923	-0.000022	0.998736	0.702515	
75	0.998713	0.000486	0.681293	-0.000486	0.998713	0.688028	
76	0.998714	-0.000110	1.086608	0.000110	0.998714	0.545703	
77	0.998767	-0.000346	0.970902	0.000346	0.998767	-0.062714	
78	0.998812	0.000354	0.836253	-0.000354	0.998812	0.833693	
79	0.999092	-0.000215	0.562918	0.000215	0.999092	0.159010	
80	0.998338	-0.000425	1.110129	0.000425	0.998338	-0.040594	
81	0.999241	0.000055	0.768466	-0.000055	0.999241	0.250451	
82	0.998713	0.000448	0.780918	-0.000448	0.998713	1.055416	
83	0.998802	0.000956	0.631601	-0.000956	0.998802	0.900499	
84	0.999083	0.000549	0.470853	-0.000549	0.999083	0.829770	
85	0.999732	-0.000021	-0.098750	0.000021	0.999732	-0.112011	
86	0.998908	-0.000212	0.299092	0.000212	0.998908	0.489240	
87	0.998787	-0.000326	1.017306	0.000326	0.998787	0.129946	
88	0.998367	-0.000277	1.340663	0.000277	0.998367	0.549341	
89	0.998515	0.000529	0.272464	-0.000529	0.998515	0.864046	
90	0.998562	-0.000194	1.206721	0.000194	0.998562	0.447510	
91	0.998775	0.000113	1.013936	-0.000113	0.998775	0.953628	
92	0.998977	-0.000101	0.605932	0.000101	0.998977	0.166762	
93	0.998889	-0.000246	0.192485	0.000246	0.998889	0.046644	
94	0.999120	0.000238	0.683183	-0.000238	0.999120	0.902205	
95	0.998627	-0.000111	1.084255	0.000111	0.998627	0.369583	
96	0.998673	-0.000196	1.168595	0.000196	0.998673	0.249534	
97	0.998725	-0.000237	0.888813	0.000237	0.998725	0.477631	
98	0.999122	-0.000159	0.596175	0.000159	0.999122	0.324667	
99	0.998781	0.000135	0.787132	-0.000135	0.998781	0.592403	
100	0.998742	-0.000043	0.854004	0.000043	0.998742	0.380220	
101	0.999331	0.000120	0.445091	-0.000120	0.999331	0.263872	
102	0.999003	-0.000173	0.831895	0.000173	0.999003	0.545825	
103	0.998864	-0.000354	0.300259	0.000354	0.998864	0.308969	
104	0.999268	-0.000231	0.812564	0.000231	0.999268	0.019518	
105	0.999001	0.000108	0.857498	-0.000108	0.999001	0.791489	
106	0.998832	-0.000098	0.973154	0.000098	0.998832	0.087324	
107	0.999017	0.000002	0.309568	-0.000002	0.999017	0.666001	
108	0.998719	0.000039	0.562340	-0.000039	0.998719	0.646773	
109	0.999166	0.000297	0.329969	-0.000297	0.999166	0.700410	
110	0.998717	0.000305	0.931919	-0.000305	0.998717	0.619975	
111	0.998880	0.000482	0.710206	-0.000482	0.998880	0.827707	
112	0.998758	0.000362	0.572526	-0.000362	0.998758	0.809654	
113	0.999657	0.000037	-0.152052	-0.000037	0.999657	0.209395	
114	0.998721	0.000147	1.055398	-0.000147	0.998721	0.686399	
115	0.999185	0.000117	0.292841	-0.000117	0.999185	0.534612	
116	0.998955	-0.000063	0.855816	0.000063	0.998955	0.162300	
117	0.998432	-0.000110	0.496698	0.000110	0.998432	0.405618	
118	0.998996	-0.000170	0.140143	0.000170	0.998996	0.376426	
119	0.998886	-0.000502	0.735133	0.000502	0.998886	0.465178	
120	0.999027	-0.000094	1.174879	0.000094	0.999027	0.333985	
121	0.999214	0.000285	-0.223604	-0.000285	0.999214	0.623627	
122	0.998781	0.000133	0.655840	-0.000133	0.998781	0.725976	
123	0.999487	0.000049	0.116894	-0.000049	0.999487	0.186794	
124	0.998922	0.000032	0.881677	-0.000032	0.998922	0.793353	
125	0.999533	0.000088	0.215979	-0.000088	0.999533	0.408819	
126	0.998376	-0.000112	0.957957	0.000112	0.998376	0.581050	
127	0.999083	-0.000020	0.276087	0.000020	0.999083	0.492625	
128	0.998592	0.000020	0.793051	-0.000020	0.998592	0.789519	
129	0.999444	0.000113	0.459935	-0.000113	0.999444	0.238057	
130	0.998537	0.000001	0.819953	-0.000001	0.998537	0.669203	
131	0.999191	0.000316	-0.040998	-0.000316	0.999191	0.569047	
132	0.998792	0.000249	0.603194	-0.000249	0.998792	0.650702	
133	0.999367	0.000079	0.219453	-0.000079	0.999367	0.254066	
134	0.998597	0.000490	0.176620	-0.000490	0.998597	1.193245	
135	0.999205	-0.000277	0.182603	0.000277	0.999205	0.340428	
136	0.998782	-0.000069	0.823797	0.000069	0.998782	0.677209	
137	0.999346	0.000327	0.120193	-0.000327	0.999346	0.560004	
138	0.998902	-0.000300	0.745721	0.000300	0.998902	0.445129	
139	0.999189	-0.000241	0.124051	0.000241	0.999189	0.398305	
140	0.998713	0.000004	0.616127	-0.000004	0.998713	0.703633	
141	0.999283	-0.000342	0.044154	0.000342	0.999283	-0.097792	
142	0.998622	0.000025	0.747271	-0.000025	0.998622	0.291425	
143	0.999534	-0.000195	-0.087718	0.000195	0.999534	0.350724	
144	0.999276	-0.000435	0.581096	0.000435	0.999276	-0.090605	
145	0.999083	-0.000541	0.355641	0.000541	0.999083	0.001393	
146	0.998524	-0.000985	0.697817	0.000985	0.998524	-0.210536	
147	0.999252	-0.000756	0.505113	0.000756	0.999252	-0.043516	
148	0.999534	-0.000132	-0.101643	0.000132	0.999534	0.207281	
149	0.999416	0.000074	-0.118382	-0.000074	0.999416	0.174814	
150	0.998871	-0.000197	0.115871	0.000197	0.998871	0.435591	
151	0.999203	-0.000253	0.051555	0.000253	0.999203	-0.036105	
152	0.999522	-0.000284	-0.070478	0.000284	0.999522	0.346668	
153	0.999136	-0.000427	0.019283	0.000427	0.999136	0.119550	
154	0.998756	-0.000448	0.788462	0.000448	0.998756	0.109674	
155	0.998976	-0.000252	0.087614	0.000252	0.998976	0.308806	
156	0.998833	0.000009	0.365194	-0.000009	0.998833	0.949039	
157	0.999331	0.000274	-0.232377	-0.000274	0.999331	0.007327	
158	0.999089	0.000059	0.071105	-0.000059	0.999089	0.603613	
159	0.999014	0.000199	-0.218750	-0.000199	0.999014	0.627142	
160	0.998647	0.000156	0.559355	-0.000156	0.998647	0.612767	
161	0.998752	-0.000088	-0.037661	0.000088	0.998752	0.492294	
162	0.998712	-0.000310	0.384125	0.000310	0.998712	0.029891	
163	0.998861	-0.000318	0.131319	0.000318	0.998861	0.111240	
164	0.998958	-0.000537	0.229591	0.000537	0.998958	-0.015784	
165	0.999480	-0.000358	-0.128969	0.000358	0.999480	0.231621	
166	0.998495	-0.000268	0.436284	0.000268	0.998495	0.176702	
167	0.998803	-0.000342	0.094368	0.000342	0.998803	0.039589	
168	0.998437	-0.000258	0.931446	0.000258	0.998437	0.373652	
169	0.998439	-0.000206	0.127946	0.000206	0.998439	0.192017	
170	0.998971	-0.000525	0.041443	0.000525	0.998971	0.076259	
171	0.999216	-0.000089	-0.069255	0.000089	0.999216	0.035782	
172	0.998899	-0.000225	0.409239	0.000225	0.998899	0.398591	
173	0.999853	-0.000218	-0.385832	0.000218	0.999853	-0.214166	
174	0.999079	-0.000133	-0.070754	0.000133	0.999079	0.277735	
175	0.998554	-0.000119	0.244353	0.000119	0.998554	0.336669	
176	0.999275	-0.000119	-0.369919	0.000119	0.999275	0.167784	
177	0.999736	-0.000032	-0.195996	0.000032	0.999736	0.222034	
178	0.998950	0.000041	0.040883	-0.000041	0.998950	0.225473	
179	0.999108	-0.000004	-0.261693	0.000004	0.999108	0.229680	
180	0.999161	0.000083	-0.201294	-0.000083	0.999161	0.426658	
181	0.999581	-0.000043	-0.263074	0.000043	0.999581	0.160143	
182	0.998551	0.000045	0.200648	-0.000045	0.998551	0.574843	
183	0.999599	-0.000062	-0.338401	0.000062	0.999599	-0.056711	
184	0.998728	-0.000046	0.065084	0.000046	0.998728	0.224431	
185	0.998805	0.000127	0.030804	-0.000127	0.998805	0.368763	
186	0.998529	-0.000107	0.260812	0.000107	0.998529	0.197429	
187	0.998567	0.000047	0.336834	-0.000047	0.998567	0.260795	
188	0.998301	0.000051	0.637551	-0.000051	0.998301	0.424723	
189	0.998897	-0.000066	0.214288	0.000066	0.998897	0.104533	
190	0.998694	-0.000112	0.065341	0.000112	0.998694	0.122014	
191	0.999363	-0.000344	-0.156725	0.000344	0.999363	-0.024379	
192	0.999380	-0.000309	0.098678	0.000309	0.999380	-0.123795	
193	0.998635	-0.000307	0.751639	0.000307	0.998635	0.011018	
194	0.999311	-0.000072	-0.075043	0.000072	0.999311	-0.024027	
195	0.998330	-0.000368	0.331972	0.000368	0.998330	0.059308	
196	0.997933	-0.000299	0.840290	0.000299	0.997933	-0.057671	
197	0.998942	-0.000329	0.065538	0.000329	0.998942	-0.056635	
198	0.998054	-0.000669	0.756626	0.000669	0.998054	-0.005278	
199	0.999311	-0.000317	-0.333800	0.000317	0.999311	-0.144699	
200	0.999022	-0.000318	-0.169943	0.000318	0.999022	0.017624	
201	0.998027	-0.000070	0.410965	0.000070	0.998027	0.045964	
202	0.999503	-0.000315	-0.576352	0.000315	0.999503	-0.214633	
203	0.997745	-0.000034	0.867763	0.000034	0.997745	0.132151	
204	0.998629	-0.000339	0.338209	0.000339	0.998629	0.022242	
205	0.998069	-0.000153	0.453082	0.000153	0.998069	0.195269	
206	0.999465	0.000018	-0.441905	-0.000018	0.999465	0.083261	
207	0.998169	0.000015	0.355977	-0.000015	0.998169	0.270765	
208	0.999207	0.000174	-0.104433	-0.000174	0.999207	0.289911	
209	0.998773	-0.000119	0.043957	0.000119	0.998773	0.152996	
210	0.999317	-0.000039	-0.361483	0.000039	0.999317	0.204539	
211	0.998758	0.000139	0.206076	-0.000139	0.998758	0.499437	
212	0.999189	0.000051	-0.071425	-0.000051	0.999189	0.059189	
213	0.999339	-0.000130	-0.143551	0.000130	0.999339	0.077248	
214	0.998182	-0.000117	0.583880	0.000117	0.998182	0.263542	
215	0.998962	0.000207	0.101587	-0.000207	0.998962	0.382373	
216	0.998438	-0.000015	0.240104	0.000015	0.998438	0.212698	
217	0.998904	-0.000045	0.037167	0.000045	0.998904	0.025257	
218	0.998250	-0.000142	0.344933	0.000142	0.998250	0.162492	
219	0.997783	0.000047	1.105608	-0.000047	0.997783	-0.255220	
220	0.998405	-0.000544	-0.410539	0.000544	0.998405	0.326933	
221	0.999183	-0.000314	0.209162	0.000314	0.999183	-0.090657	
222	0.998115	-0.000140	0.731966	0.000140	0.998115	0.103487	
223	0.998154	-0.000326	0.469440	0.000326	0.998154	0.011364	
224	0.997970	-0.000154	0.846895	0.000154	0.997970	0.401010	
225	0.998303	-0.000233	0.289553	0.000233	0.998303	-0.093456	
226	0.999052	-0.000005	0.139241	0.000005	0.999052	0.090974	
227	0.998643	0.000253	0.222724	-0.000253	0.998643	0.563620	
228	0.998620	0.000008	0.765840	-0.000008	0.998620	-0.089149	
229	0.999235	-0.000131	-0.102429	0.000131	0.999235	0.097661	
230	0.999035	0.000292	0.175084	-0.000292	0.999035	0.321448	
231	0.999114	-0.000015	0.079040	0.000015	0.999114	-0.086391	
232	0.998649	0.000108	0.445876	-0.000108	0.998649	0.341872	
233	0.998223	0.000081	0.721186	-0.000081	0.998223	0.639915	
234	0.998205	-0.000148	0.940029	0.000148	0.998205	0.088060	
235	0.999024	-0.000277	0.393392	0.000277	0.999024	0.145058	
236	0.998688	-0.000122	0.326612	0.000122	0.998688	0.105859	
237	0.998277	0.000128	0.680015	-0.000128	0.998277	0.297026	
238	0.998924	-0.000040	0.371714	0.000040	0.998924	-0.036559	
239	0.998315	-0.000280	0.345230	0.000280	0.998315	0.143570	
240	0.997875	-0.000031	0.973452	0.000031	0.997875	0.314757	
241	0.999005	-0.000359	0.815890	0.000359	0.999005	-0.203458	
242	0.998264	-0.000066	0.422003	0.000066	0.998264	0.364102	
243	0.998712	0.000010	0.455576	-0.000010	0.998712	-0.031588	
244	0.998473	-0.000279	0.871447	0.000279	0.998473	-0.084475	
245	0.999010	0.000090	0.166446	-0.000090	0.999010	0.154515	
246	0.998788	-0.000170	0.476628	0.000170	0.998788	0.040995	
247	0.998650	0.000077	0.974040	-0.000077	0.998650	0.182366	
248	0.998638	-0.000189	0.303288	0.000189	0.998638	0.064817	
249	0.998483	-0.000431	0.676356	0.000431	0.998483	-0.188742	
250	0.997981	-0.000266	1.333886	0.000266	0.997981	0.273265	
251	0.999326	-0.000277	0.170164	0.000277	0.999326	-0.101679	
252	0.998681	-0.000400	0.702928	0.000400	0.998681	-0.125190	
253	0.999310	-0.000486	0.042550	0.000486	0.999310	-0.376762	
254	0.998049	-0.000019	1.224607	0.000019	0.998049	0.165110	
255	0.998516	-0.000121	0.261193	0.000121	0.998516	0.011813	
256	0.997925	-0.000110	0.859316	0.000110	0.997925	0.019505	
257	0.999243	-0.000335	0.046514	0.000335	0.999243	-0.609691	
258	0.998488	-0.000221	0.314178	0.000221	0.998488	0.091820	
259	0.998418	-0.000360	0.684723	0.000360	0.998418	0.014004	
260	0.998489	-0.000261	1.038204	0.000261	0.998489	-0.319121	
261	0.999127	-0.000008	0.075820	0.000008	0.999127	-0.063421	
262	0.998481	-0.000233	0.918107	0.000233	0.998481	-0.220176	
263	0.998868	-0.000386	0.156340	0.000386	0.998868	-0.388797	
264	0.998645	-0.000405	0.622021	0.000405	0.998645	-0.388491	
265	0.999125	0.000039	0.109132	-0.000039	0.999125	0.148724	
266	0.998864	-0.000103	0.719260	0.000103	0.998864	-0.127062	
267	0.999329	-0.000149	0.051275	0.000149	0.999329	-0.051199	
268	0.998950	-0.000211	0.626641	0.000211	0.998950	-0.491424	
269	0.998909	-0.000366	0.201027	0.000366	0.998909	0.059676	
270	0.998874	-0.000061	0.053695	0.000061	0.998874	0.004321	
271	0.999081	-0.000155	-0.060658	0.000155	0.999081	-0.005549	
272	0.998795	0.000217	0.381426	-0.000217	0.998795	0.405951	
273	0.999111	0.000571	-0.365555	-0.000571	0.999111	0.273167	
274	0.999123	0.000370	-0.296108	-0.000370	0.999123	0.051948	
275	0.999181	0.000240	-0.197811	-0.000240	0.999181	0.297073	
276	0.999085	0.000048	-0.005479	-0.000048	0.999085	0.126055	
277	0.999167	-0.000218	0.017122	0.000218	0.999167	-0.024080	
278	0.998984	0.000149	0.185023	-0.000149	0.998984	0.186925	
279	0.999179	-0.000196	0.134417	0.000196	0.999179	-0.015044	
280	0.998826	-0.000115	0.244981	0.000115	0.998826	0.035675	
281	0.999081	-0.000217	0.222290	0.000217	0.999081	-0.047941	
282	0.998717	0.000043	0.489114	-0.000043	0.998717	0.263446	
283	0.998870	-0.000237	0.595528	0.000237	0.998870	-0.008366	
284	0.998766	0.000034	0.371016	-0.000034	0.998766	0.238487	
285	0.999258	-0.000136	-0.188472	0.000136	0.999258	-0.053486	
286	0.999077	0.000040	0.272406	-0.000040	0.999077	0.168267	
287	0.999027	-0.000068	0.006675	0.000068	0.999027	0.092376	
288	0.998752	0.000143	0.330328	-0.000143	0.998752	0.261963	
289	0.998954	-0.000168	0.160050	0.000168	0.998954	-0.046470	
290	0.998827	-0.000047	0.175223	0.000047	0.998827	0.152349	
291	0.999230	-0.000112	0.103386	0.000112	0.999230	0.096101	
292	0.999082	-0.000088	-0.035402	0.000088	0.999082	-0.105550	
293	0.999321	0.000028	-0.049312	-0.000028	0.999321	-0.020423	
294	0.999003	-0.000141	0.395590	0.000141	0.999003	-0.158855	
295	0.999218	-0.000412	-0.078126	0.000412	0.999218	-0.106260	
296	0.999266	-0.000632	-0.193945	0.000632	0.999266	-0.440370	
297	0.999438	-0.000397	-0.062597	0.000397	0.999438	-0.128417	
298	0.999130	-0.000104	-0.046198	0.000104	0.999130	0.084714	
299	0.999290	-0.000230	-0.344301	0.000230	0.999290	0.016970	
300	0.999060	-0.000132	-0.133570	0.000132	0.999060	0.005039	
301	0.999134	-0.000065	-0.119827	0.000065	0.999134	0.129616	
302	0.999139	-0.000023	0.097435	0.000023	0.999139	0.172136	
303	0.999156	-0.000059	-0.013724	0.000059	0.999156	-0.019610	
304	0.999031	-0.000053	-0.052857	0.000053	0.999031	0.065688	
305	0.999576	0.000032	-0.286857	-0.000032	0.999576	0.018054	
306	0.999205	-0.000021	-0.271209	0.000021	0.999205	0.315800	
307	0.999164	-0.000008	-0.350235	0.000008	0.999164	0.162387	
308	0.999199	-0.000122	0.010497	0.000122	0.999199	0.068931	
309	0.999310	-0.000288	-0.319263	0.000288	0.999310	-0.105402	
310	0.999318	-0.000109	-0.752296	0.000109	0.999318	0.379892	
311	0.999351	0.000140	0.325775	-0.000140	0.999351	-0.091197	
312	0.999360	-0.000254	-0.514634	0.000254	0.999360	-0.043292	
313	0.999209	-0.000423	-0.144234	0.000423	0.999209	0.164198	
314	0.999550	-0.000091	-0.452442	0.000091	0.999550	-0.133225	
315	0.999399	-0.000069	-0.063605	0.000069	0.999399	0.054196	
316	0.999388	-0.000402	-0.051456	0.000402	0.999388	-0.341110	
317	0.999340	-0.000315	-0.083818	0.000315	0.999340	-0.207927	
318	0.999232	-0.000290	-0.005183	0.000290	0.999232	-0.239912	
319	0.999691	-0.000805	-0.416067	0.000805	0.999691	-0.691445	
320	0.999145	-0.000570	-0.045156	0.000570	0.999145	-0.211827	
321	0.999757	-0.000712	-0.782709	0.000712	0.999757	-0.704974	
322	0.998117	-0.000598	0.282888	0.000598	0.998117	-0.133268	
323	0.999884	-0.000204	-0.660576	0.000204	0.999884	-0.289166	
324	0.999452	-0.000366	-0.387061	0.000366	0.999452	-0.346227	
325	0.999701	-0.000300	-0.915392	0.000300	0.999701	-0.355650	
326	0.998835	-0.000316	0.086615	0.000316	0.998835	-0.153187	
327	0.999614	-0.000170	-0.444243	0.000170	0.999614	-0.264029	
328	0.999238	-0.000330	-0.022529	0.000330	0.999238	-0.233863	
329	0.999522	-0.000649	-0.528625	0.000649	0.999522	-0.594546	
330	0.998912	-0.000361	0.115859	0.000361	0.998912	-0.121994	
331	0.999509	-0.000398	-0.143308	0.000398	0.999509	-0.264928	
332	0.999322	-0.000607	0.335257	0.000607	0.999322	-0.363577	
333	0.999378	-0.000298	-0.161398	0.000298	0.999378	-0.109000	
334	0.999557	-0.000630	-0.246915	0.000630	0.999557	-0.729963	
335	0.999096	-0.000190	-0.070006	0.000190	0.999096	-0.161709	
336	0.998557	-0.000313	0.231688	0.000313	0.998557	-0.225729	
337	0.998854	-0.000431	0.005546	0.000431	0.998854	-0.529247	
338	0.998878	0.000062	-0.282400	-0.000062	0.998878	0.192340	
339	0.999340	-0.000656	-0.585748	0.000656	0.999340	-0.727447	
340	0.998736	-0.000300	0.288664	0.000300	0.998736	-0.162620	
341	0.999306	-0.000112	-0.064596	0.000112	0.999306	-0.143212	
342	0.998676	-0.000417	0.206850	0.000417	0.998676	-0.162591	
343	0.999398	-0.000271	-0.211525	0.000271	0.999398	-0.262260	
344	0.999186	-0.000105	-0.037066	0.000105	0.999186	-0.113288	
345	0.999179	-0.000438	-0.197461	0.000438	0.999179	-0.569844	
346	0.998635	-0.000189	0.038721	0.000189	0.998635	0.027226	
347	0.999460	-0.000003	-0.266099	0.000003	0.999460	-0.281627	
348	0.998547	-0.000368	-0.126247	0.000368	0.998547	-0.034534	
349	0.999428	-0.000601	-0.836703	0.000601	0.999428	-0.545954	
350	0.998486	-0.000619	0.678354	0.000619	0.998486	-0.299519	
351	0.999417	-0.000348	-0.228543	0.000348	0.999417	-0.404001	
352	0.999655	-0.000306	-0.722802	0.000306	0.999655	-0.333443	
353	0.999018	-0.000442	0.069926	0.000442	0.999018	-0.398194	
354	0.999044	-0.000332	0.079655	0.000332	0.999044	0.180358	
355	0.999367	-0.000501	-0.379003	0.000501	0.999367	-0.626484	
356	0.998707	-0.000681	0.469280	0.000681	0.998707	-0.077912	
357	0.998643	-0.000265	0.343027	0.000265	0.998643	-0.017866	
358	0.998329	-0.000320	0.315654	0.000320	0.998329	0.157513	
359	0.999093	-0.000230	-0.273164	0.000230	0.999093	-0.088579	
360	0.999026	-0.000450	-0.256985	0.000450	0.999026	-0.202793	
361	0.999353	-0.000309	-0.489231	0.000309	0.999353	0.013592	
362	0.998947	-0.000178	0.248619	0.000178	0.998947	0.008724	
363	0.999336	-0.000315	-0.060275	0.000315	0.999336	-0.124709	
364	0.999531	-0.000457	-0.379363	0.000457	0.999531	-0.197383	
365	0.999395	-0.000052	-0.225402	0.000052	0.999395	-0.015945	
366	0.999381	-0.000210	-0.250706	0.000210	0.999381	-0.011105	
367	0.999067	-0.000532	-0.092714	0.000532	0.999067	-0.236788	
368	0.998962	-0.000660	-0.076187	0.000660	0.998962	-0.404528	
369	0.999623	-0.000436	-0.087230	0.000436	0.999623	-0.250266	
370	0.998405	-0.000339	0.284445	0.000339	0.998405	0.076678	
371	0.999129	-0.000583	0.051837	0.000583	0.999129	-0.415724	
372	0.999935	-0.000307	-0.455832	0.000307	0.999935	-0.292340	
373	0.998940	-0.000297	0.008472	0.000297	0.998940	-0.110136	
374	0.998840	-0.000447	0.068126	0.000447	0.998840	-0.111754	
375	0.999110	-0.000422	0.175272	0.000422	0.999110	-0.204599	
376	0.999012	-0.000364	0.065185	0.000364	0.999012	-0.025024	
377	0.999119	-0.000358	0.238703	0.000358	0.999119	0.122155	
378	0.998796	-0.000180	0.634890	0.000180	0.998796	0.042192	
379	0.999076	-0.000458	0.015921	0.000458	0.999076	-0.186876	
380	0.999476	-0.000338	-0.075838	0.000338	0.999476	-0.247140	
381	0.999049	-0.000379	0.021764	0.000379	0.999049	-0.122130	
382	0.998805	-0.000351	0.131710	0.000351	0.998805	-0.182595	
383	0.999148	-0.000236	0.067426	0.000236	0.999148	-0.117561	
384	0.998943	-0.000408	0.101007	0.000408	0.998943	-0.217876	
385	0.999267	-0.000231	0.072562	0.000231	0.999267	-0.247428	
386	0.999030	-0.000390	0.053922	0.000390	0.999030	-0.387346	
387	0.999045	-0.000392	0.134872	0.000392	0.999045	-0.166983	
388	0.999181	-0.000354	0.241431	0.000354	0.999181	-0.435677	
389	0.999191	-0.000280	0.285777	0.000280	0.999191	-0.078086	
390	0.999127	-0.000505	0.441780	0.000505	0.999127	-0.312264	
391	0.999268	0.000020	-0.104029	-0.000020	0.999268	-0.006793	
392	0.999066	-0.000378	0.128083	0.000378	0.999066	-0.273939	
393	0.999423	-0.000177	-0.028165	0.000177	0.999423	-0.109032	
394	0.999187	-0.000276	0.083243	0.000276	0.999187	-0.065591	
395	0.999409	-0.000495	-0.101585	0.000495	0.999409	-0.445276	
396	0.999162	-0.000363	0.006046	0.000363	0.999162	-0.183040	
397	0.999405	-0.000225	-0.072493	0.000225	0.999405	0.006488	
398	0.999283	-0.000203	-0.128076	0.000203	0.999283	-0.166908	
399	0.999182	-0.000411	-0.022657	0.000411	0.999182	-0.159740	
400	0.999054	-0.000112	-0.029414	0.000112	0.999054	-0.046290	
401	0.998855	-0.000030	0.047910	0.000030	0.998855	0.101767	
402	0.998654	-0.000138	0.185233	0.000138	0.998654	-0.069240	
403	0.999311	0.000304	-0.257018	-0.000304	0.999311	0.423442	
404	0.998717	-0.000303	0.268809	0.000303	0.998717	-0.243753	
405	0.998881	-0.000195	-0.281637	0.000195	0.998881	0.043898	
406	0.998943	-0.000185	0.123184	0.000185	0.998943	-0.166581	
407	0.998892	-0.000007	0.068433	0.000007	0.998892	0.364395	
408	0.998926	0.000176	0.196773	-0.000176	0.998926	0.282927	
409	0.998908	-0.000174	0.134209	0.000174	0.998908	0.015851	
410	0.998773	0.000355	0.014094	-0.000355	0.998773	0.699721	
411	0.999033	-0.000239	0.311371	0.000239	0.999033	0.096491	
412	0.999199	-0.000028	-0.243021	0.000028	0.999199	-0.204554	
413	0.999165	0.000079	0.115161	-0.000079	0.999165	-0.025656	
414	0.999130	-0.000064	-0.003440	0.000064	0.999130	-0.105361	
415	0.998719	-0.000331	0.191804	0.000331	0.998719	-0.119624	
416	0.998826	-0.000121	0.267344	0.000121	0.998826	-0.207086	
417	0.998955	-0.000046	0.027743	0.000046	0.998955	-0.126004	
418	0.998751	-0.000445	0.281604	0.000445	0.998751	-0.298384	
419	0.999038	-0.000252	-0.090395	0.000252	0.999038	-0.343335	
420	0.999215	-0.000028	-0.288831	0.000028	0.999215	-0.061546	
421	0.999270	-0.000466	0.374126	0.000466	0.999270	-0.710392	
422	0.998794	-0.000821	-0.079851	0.000821	0.998794	-0.627185	
423	0.999304	-0.000269	-0.123672	0.000269	0.999304	-0.235715	
424	0.999353	-0.000252	0.010910	0.000252	0.999353	-0.453405	
425	1.000106	-0.000281	-0.968927	0.000281	1.000106	-0.450699	
426	0.999215	-0.000187	-0.162493	0.000187	0.999215	-0.173556	
427	0.999327	-0.000472	-0.008230	0.000472	0.999327	-0.320197	
428	0.999242	-0.000391	-0.062062	0.000391	0.999242	-0.312013	
429	0.999396	-0.000322	-0.263074	0.000322	0.999396	-0.430049	
430	0.998971	-0.000212	-0.033764	0.000212	0.998971	-0.168107	
431	0.999183	-0.000345	-0.133552	0.000345	0.999183	-0.218928	
432	0.998731	-0.000266	0.112066	0.000266	0.998731	-0.254197	
433	0.999229	-0.000338	0.037388	0.000338	0.999229	-0.064970	
434	0.999058	-0.000143	-0.240161	0.000143	0.999058	-0.025413	
435	0.999462	-0.000548	-0.046078	0.000548	0.999462	-0.843673	
436	0.998892	-0.000321	-0.136997	0.000321	0.998892	-0.040021	
437	0.999272	-0.000264	-0.210846	0.000264	0.999272	-0.223542	
438	0.998929	-0.000203	-0.110826	0.000203	0.998929	-0.190686	
439	0.999276	-0.000295	-0.056908	0.000295	0.999276	-0.253449	
440	0.999081	-0.000162	-0.210173	0.000162	0.999081	0.087524	
441	0.999338	-0.000603	-0.245288	0.000603	0.999338	-0.867140	
442	0.998915	-0.000437	0.160182	0.000437	0.998915	-0.080953	
443	0.999225	-0.000441	0.568040	0.000441	0.999225	-0.422986	
444	0.998628	-0.000276	0.570067	0.000276	0.998628	0.142589	
445	0.999230	-0.000117	-0.106983	0.000117	0.999230	-0.242585	
446	0.999357	-0.000428	0.083230	0.000428	0.999357	-0.206402	
447	0.999024	-0.000357	0.154020	0.000357	0.999024	-0.107931	
448	0.998891	-0.000303	0.327392	0.000303	0.998891	-0.197422	
449	0.999007	-0.000183	0.053583	0.000183	0.999007	-0.194662	
450	0.999194	-0.000120	0.213832	0.000120	0.999194	-0.027139	
451	0.999681	-0.000335	0.006458	0.000335	0.999681	-0.296824	
452	0.999153	-0.000246	-0.198579	0.000246	0.999153	-0.241330	
453	0.999860	-0.000156	-0.347123	0.000156	0.999860	-0.301165	
454	0.999091	-0.000127	0.207421	0.000127	0.999091	0.198755	
455	0.998911	-0.000500	0.079229	0.000500	0.998911	-0.253340	
456	0.998839	-0.000161	0.346563	0.000161	0.998839	-0.071485	
457	0.998882	-0.000368	0.355406	0.000368	0.998882	-0.111859	
458	0.998920	-0.000174	-0.025596	0.000174	0.998920	-0.065213	
459	0.999283	-0.000153	0.044257	0.000153	0.999283	0.102110	
460	0.998836	-0.000297	0.341595	0.000297	0.998836	0.214809	
461	0.998803	-0.000396	0.216863	0.000396	0.998803	-0.375229	
462	0.999426	-0.000229	-0.117628	0.000229	0.999426	-0.103661	
463	0.999221	-0.000436	0.353854	0.000436	0.999221	-0.191567	
464	0.998898	0.000053	0.124342	-0.000053	0.998898	0.097709	
465	0.999379	-0.000561	-0.341426	0.000561	0.999379	-0.611573	
466	0.999326	-0.000401	-0.069492	0.000401	0.999326	-0.003880	
467	0.998652	-0.000304	0.585065	0.000304	0.998652	-0.159201	
468	0.999003	-0.000365	0.665161	0.000365	0.999003	-0.213444	
469	0.998838	-0.000531	0.283623	0.000531	0.998838	-0.100375	
470	0.998727	-0.000511	0.619448	0.000511	0.998727	-1.003787	
471	0.999199	-0.000400	0.157622	0.000400	0.999199	0.610176	
472	0.998697	-0.000639	1.026810	0.000639	0.998697	-0.619148	
473	0.998773	-0.000591	0.340787	0.000591	0.998773	-0.434707	
474	0.999753	-0.000198	-0.329090	0.000198	0.999753	-0.118526	
475	0.998864	-0.000714	0.422221	0.000714	0.998864	-0.444684	
476	0.998962	-0.000521	0.168838	0.000521	0.998962	-0.383167	
477	0.998789	-0.000711	0.653947	0.000711	0.998789	-0.689101	
478	0.999028	-0.000695	0.199101	0.000695	0.999028	-0.427120	
479	0.999582	-0.000648	0.146170	0.000648	0.999582	-0.678327	
480	0.999253	-0.000463	0.049401	0.000463	0.999253	-0.559851	
481	0.998678	-0.000384	0.333448	0.000384	0.998678	-0.429355	
482	0.998262	-0.000342	0.810912	0.000342	0.998262	-0.177668	
483	0.999329	-0.000388	0.495947	0.000388	0.999329	-0.773079	
484	0.998718	-0.000512	0.789737	0.000512	0.998718	-0.330523	
485	1.000041	-0.000348	-0.685858	0.000348	1.000041	-0.448025	
486	0.999684	-0.000429	0.151487	0.000429	0.999684	-0.596761	
487	0.999231	-0.000415	0.169977	0.000415	0.999231	-0.288558	
488	0.999020	-0.000770	0.251651	0.000770	0.999020	-0.792620	
489	0.999153	-0.000424	-0.097949	0.000424	0.999153	-0.276480	
490	0.999260	-0.000746	0.260896	0.000746	0.999260	-0.634880	
491	0.999630	-0.000912	0.126861	0.000912	0.999630	-0.852575	
492	0.998997	-0.000425	0.281006	0.000425	0.998997	-0.331240	
493	0.999705	-0.000199	-0.075182	0.000199	0.999705	-0.278851	
494	0.998525	-0.000407	0.431278	0.000407	0.998525	-0.324802	
495	0.998790	-0.000241	0.581858	0.000241	0.998790	-0.099315	
496	0.999251	-0.000136	-0.055257	0.000136	0.999251	-0.058107	
497	0.999010	-0.000543	0.111169	0.000543	0.999010	-0.490487	
498	0.998158	-0.000509	0.768261	0.000509	0.998158	-0.093519	
499	0.998814	-0.000507	0.661830	0.000507	0.998814	-0.210944	
500	0.999655	-0.000168	-0.089053	0.000168	0.999655	0.114592	
501	0.998957	-0.000426	0.053614	0.000426	0.998957	-0.611497	
502	0.998807	-0.000115	0.388395	0.000115	0.998807	0.071748	
503	0.999024	-0.000126	0.138764	0.000126	0.999024	0.109140	
504	0.999268	-0.000418	0.008147	0.000418	0.999268	-0.243151	
505	0.998580	0.000188	0.934759	-0.000188	0.998580	0.471909	
506	0.999067	-0.000276	0.213168	0.000276	0.999067	-0.137757	
507	0.999229	-0.000311	-0.155012	0.000311	0.999229	-0.164832	
508	0.998792	-0.000258	0.588375	0.000258	0.998792	0.079357	
509	0.999339	-0.000292	-0.199952	0.000292	0.999339	-0.118749	
510	0.998976	-0.000283	0.128004	0.000283	0.998976	0.004894	
511	0.999496	-0.000414	-0.181413	0.000414	0.999496	-0.226809	
512	0.999684	-0.000110	0.159891	0.000110	0.999684	0.174096	
513	0.999412	-0.000246	-0.055645	0.000246	0.999412	-0.109422	
514	0.999370	0.000148	-0.116618	-0.000148	0.999370	0.168486	
515	0.999042	-0.000106	-0.158844	0.000106	0.999042	-0.027695	
516	0.998916	-0.000074	0.240855	0.000074	0.998916	0.289510	
517	0.999221	0.000141	-0.195464	-0.000141	0.999221	0.288985	
518	0.999005	-0.000118	0.297054	0.000118	0.999005	0.028839	
519	0.999275	0.000017	-0.282311	-0.000017	0.999275	0.109224	
520	0.998986	-0.000028	0.414956	0.000028	0.998986	0.189068	
521	0.998943	-0.000040	0.067924	0.000040	0.998943	0.188745	
522	0.999076	-0.000215	0.059580	0.000215	0.999076	-0.016718	
523	0.999105	0.000091	0.341910	-0.000091	0.999105	0.465627	
524	0.998757	-0.000158	0.357162	0.000158	0.998757	-0.006245	
525	0.999116	-0.000048	0.513557	0.000048	0.999116	0.293411	
526	0.998491	-0.000152	0.448058	0.000152	0.998491	-0.538654	
527	0.999004	0.000482	-0.107201	-0.000482	0.999004	1.027241	
528	0.998841	-0.000364	0.526134	0.000364	0.998841	-0.168658	
529	0.999172	-0.000494	0.182489	0.000494	0.999172	-0.604108	
530	0.998243	-0.000218	0.112374	0.000218	0.998243	0.424436	
531	0.999145	-0.000364	0.089884	0.000364	0.999145	-0.288333	
532	0.998789	-0.000001	0.284042	0.000001	0.998789	0.105129	
533	0.999085	-0.000210	-0.403729	0.000210	0.999085	-0.248128	
534	0.999214	-0.000191	-0.202301	0.000191	0.999214	-0.183427	
535	0.999365	-0.000200	-0.194139	0.000200	0.999365	-0.222999	
536	0.998677	-0.000309	0.604683	0.000309	0.998677	-0.254146	
537	0.998732	-0.000292	0.281566	0.000292	0.998732	-0.116719	
538	0.999322	-0.000674	-0.136113	0.000674	0.999322	-0.699068	
539	0.999062	-0.000554	0.028183	0.000554	0.999062	-0.563630	
540	0.998564	-0.000500	0.612870	0.000500	0.998564	-0.253165	
541	0.999345	-0.000578	0.004940	0.000578	0.999345	-0.584868	
542	0.998860	-0.000866	0.693514	0.000866	0.998860	-0.757669	
543	0.998932	-0.000378	0.480056	0.000378	0.998932	-0.201776	
544	0.998555	-0.000438	0.355617	0.000438	0.998555	-0.155490	
545	0.999163	-0.000234	-0.254698	0.000234	0.999163	-0.212043	
546	0.999210	-0.000378	-0.141565	0.000378	0.999210	-0.258738	
547	0.998602	-0.000100	0.314927	0.000100	0.998602	0.053282	
548	0.999029	-0.000092	-0.075409	0.000092	0.999029	-0.007016	
549	0.999043	-0.000308	-0.136249	0.000308	0.999043	-0.354577	
550	0.998762	0.000017	0.226007	-0.000017	0.998762	0.120067	
551	0.998755	0.000012	0.041951	-0.000012	0.998755	0.053975	
552	0.999358	-0.000042	-0.082722	0.000042	0.999358	-0.054114	
553	0.999123	-0.000206	0.013448	0.000206	0.999123	-0.134615	
554	0.998816	0.000017	0.155853	-0.000017	0.998816	0.042923	
555	0.998976	-0.000211	-0.085527	0.000211	0.998976	-0.135534	
556	0.998844	-0.000149	-0.138590	0.000149	0.998844	-0.058809	
557	0.999293	-0.000132	-0.078456	0.000132	0.999293	-0.018466	
558	0.998975	0.000272	-0.017211	-0.000272	0.998975	0.279615	
559	0.999060	0.000036	-0.227300	-0.000036	0.999060	0.017205	
560	0.999378	0.000077	-0.755211	-0.000077	0.999378	0.092759	
561	0.999158	0.000279	-0.187416	-0.000279	0.999158	0.256738	
562	0.998922	0.000110	-0.120597	-0.000110	0.998922	0.089263	
563	0.999042	0.000059	0.068443	-0.000059	0.999042	0.216246	
564	0.998956	0.000076	-0.064775	-0.000076	0.998956	0.059710	
565	0.999240	-0.000071	-0.220884	0.000071	0.999240	-0.116360	
566	0.998984	-0.000100	-0.042587	0.000100	0.998984	-0.074490	
567	0.999249	-0.000372	-0.515818	0.000372	0.999249	-0.700652	
568	0.999002	-0.000220	0.001236	0.000220	0.999002	-0.007334	
569	0.999298	-0.000002	-0.330131	0.000002	0.999298	-0.254938	
570	0.998842	-0.000379	0.168084	0.000379	0.998842	-0.187868	
571	0.999238	-0.000140	-0.274191	0.000140	0.999238	0.014104	
572	0.998950	0.000023	-0.118865	-0.000023	0.998950	-0.068162	
573	0.999338	-0.000399	-0.635275	0.000399	0.999338	-0.383237	
574	0.998952	-0.000506	0.157486	0.000506	0.998952	-0.613327	
575	0.999267	-0.000065	-0.206036	0.000065	0.999267	0.183903	
576	0.999145	-0.000203	-0.030526	0.000203	0.999145	-0.243268	
577	0.999685	-0.000066	-0.432837	0.000066	0.999685	-0.028532	
578	0.999211	-0.000102	-0.311033	0.000102	0.999211	-0.102845	
579	0.999456	0.000052	-0.487642	-0.000052	0.999456	-0.140005	
580	0.998160	0.000340	0.145193	-0.000340	0.998160	0.307999	
581	0.999315	-0.000033	-0.311676	0.000033	0.999315	0.024754	
582	0.999027	0.000088	-0.362243	-0.000088	0.999027	0.135571	
583	0.998773	-0.000142	-0.302101	0.000142	0.998773	-0.216919	
584	0.999023	-0.000021	-0.004287	0.000021	0.999023	0.050308	
585	0.999048	-0.000171	-0.190762	0.000171	0.999048	-0.194854	
586	0.999011	-0.000025	0.038329	0.000025	0.999011	0.033497	
587	0.999179	0.000010	-0.151929	-0.000010	0.999179	0.030702	
588	0.999130	0.000171	-0.111597	-0.000171	0.999130	0.235202	
589	0.999053	0.000096	-0.178043	-0.000096	0.999053	0.069984	
590	0.999051	0.000464	-0.088255	-0.000464	0.999051	0.337810	
591	0.999293	-0.000006	-0.520197	0.000006	0.999293	-0.037605	
592	0.999275	-0.000225	-1.018425	0.000225	0.999275	-0.278479	
593	0.999311	-0.000264	-0.226925	0.000264	0.999311	-0.367725	
594	0.998875	-0.000403	0.486860	0.000403	0.998875	-0.147340	
595	0.999268	-0.000193	-0.137634	0.000193	0.999268	-0.119862	
596	0.999027	-0.000476	-0.101356	0.000476	0.999027	-0.423139	
597	0.999157	-0.000144	-0.199897	0.000144	0.999157	0.085912	
598	0.999477	0.000008	-0.200610	-0.000008	0.999477	-0.262924	
599	0.999337	-0.000016	-0.215346	0.000016	0.999337	-0.018687	
600	0.999352	-0.000180	-0.127649	0.000180	0.999352	-0.185541	
601	0.999317	-0.000222	-0.331317	0.000222	0.999317	-0.191028	
602	0.999178	-0.000129	-0.168728	0.000129	0.999178	-0.145809	
603	0.999051	0.000050	-0.104560	-0.000050	0.999051	0.095764	
604	0.999250	-0.000060	-0.012529	0.000060	0.999250	-0.025421	
605	0.999390	-0.000277	-0.213474	0.000277	0.999390	-0.142434	
606	0.999004	-0.000066	-0.053125	0.000066	0.999004	-0.058494	
607	0.998970	-0.000532	0.012452	0.000532	0.998970	-0.527665	
608	0.999294	-0.000275	-0.253621	0.000275	0.999294	-0.041207	
609	0.999042	-0.000083	-0.131868	0.000083	0.999042	-0.160781	
610	0.998697	-0.000184	0.184988	0.000184	0.998697	0.051951	
611	0.999550	0.000116	-0.131382	-0.000116	0.999550	-0.116156	
612	0.999079	0.000144	-0.257969	-0.000144	0.999079	0.188549	
613	0.999305	-0.000227	-0.320767	0.000227	0.999305	-0.114297	
614	0.998658	0.000104	-0.115905	-0.000104	0.998658	0.055143	
615	0.998828	-0.000119	0.054185	0.000119	0.998828	0.176305	
616	0.998764	0.000058	0.037324	-0.000058	0.998764	0.028679	
617	0.999066	-0.000006	-0.351380	0.000006	0.999066	-0.001934	
618	0.998840	-0.000050	-0.051306	0.000050	0.998840	0.069808	
619	0.998951	0.000318	-0.233336	-0.000318	0.998951	0.243365	
620	0.998603	0.000091	0.052380	-0.000091	0.998603	0.500283	
621	0.998875	0.000194	0.009030	-0.000194	0.998875	0.132380	
622	0.998541	0.000125	0.279705	-0.000125	0.998541	0.374374	
623	0.998936	-0.000017	-0.172075	0.000017	0.998936	0.022401	
624	0.998971	-0.000054	-0.517234	0.000054	0.998971	0.236654	
625	0.999185	-0.000301	-0.505350	0.000301	0.999185	-0.404851	
626	0.999170	-0.000037	-0.071966	0.000037	0.999170	0.180430	
627	0.999452	0.000146	-0.190079	-0.000146	0.999452	-0.060960	
628	0.999145	-0.000003	0.088066	0.000003	0.999145	0.104895	
629	0.998888	-0.000052	-0.498749	0.000052	0.998888	-0.183970	
630	0.999282	-0.000010	-0.235075	0.000010	0.999282	0.027387	
631	0.999046	0.000447	0.131913	-0.000447	0.999046	0.633168	
632	0.999244	0.000299	-0.172402	-0.000299	0.999244	-0.042217	
633	0.998818	-0.000142	-0.283118	0.000142	0.998818	0.221581	
634	0.998949	-0.000263	-0.047851	0.000263	0.998949	-0.066569	
635	0.998767	0.000117	0.229712	-0.000117	0.998767	0.339636	
636	0.998901	-0.000055	0.081511	0.000055	0.998901	0.008297	
637	0.999202	0.000322	-0.426205	-0.000322	0.999202	0.261538	
638	0.999145	0.000191	-0.358642	-0.000191	0.999145	0.203196	
639	0.999214	0.000092	-0.844226	-0.000092	0.999214	0.081015	
640	0.998739	0.000147	-0.133376	-0.000147	0.998739	0.172993	
641	0.998895	0.000130	0.020228	-0.000130	0.998895	0.215287	
642	0.998748	0.000061	0.345295	-0.000061	0.998748	0.185960	
643	0.998524	0.000210	0.556906	-0.000210	0.998524	0.472216	
644	0.998867	0.000022	0.075895	-0.000022	0.998867	0.007156	
645	0.999034	-0.000057	-0.075803	0.000057	0.999034	-0.052738	
646	0.998947	-0.000319	0.156157	0.000319	0.998947	-0.444286	
647	0.999112	-0.000199	0.008525	0.000199	0.999112	-0.081092	
648	0.998997	-0.000233	0.013383	0.000233	0.998997	-0.142959	
649	0.998842	-0.000579	0.145235	0.000579	0.998842	-0.193003	
650	0.999164	-0.000597	-0.154394	0.000597	0.999164	-0.430931	
651	0.999662	0.000019	-0.255089	-0.000019	0.999662	-0.107101	
652	0.999022	-0.000067	0.021815	0.000067	0.999022	-0.062174	
653	0.999057	0.000047	-0.024335	-0.000047	0.999057	0.093226	
654	0.999227	-0.000005	-0.148322	0.000005	0.999227	-0.115813	
655	0.999002	-0.000250	-0.076640	0.000250	0.999002	-0.077651	
656	0.999094	-0.000164	-0.021702	0.000164	0.999094	-0.107385	
657	0.999173	0.000041	-0.048994	-0.000041	0.999173	0.106182	
658	0.999144	-0.000112	0.013278	0.000112	0.999144	0.062946	
659	0.998977	-0.000159	0.103487	0.000159	0.998977	0.006867	
660	0.998804	-0.000122	0.400798	0.000122	0.998804	0.089744	
661	0.999429	0.000171	-0.330950	-0.000171	0.999429	0.174291	
662	0.999179	-0.000162	0.059836	0.000162	0.999179	-0.138255	
663	0.998857	0.000214	0.038023	-0.000214	0.998857	0.237503	
664	0.998992	0.000126	0.266269	-0.000126	0.998992	0.238759	
665	0.999222	-0.000006	-0.009514	0.000006	0.999222	0.068583	
666	0.999008	0.000048	0.022811	-0.000048	0.999008	0.195863	
667	0.999266	-0.000012	0.040267	0.000012	0.999266	0.212991	
668	0.998877	0.000063	0.500514	-0.000063	0.998877	0.145728	
669	0.998992	0.000101	0.085973	-0.000101	0.998992	0.191232	
670	0.998791	0.000095	0.377196	-0.000095	0.998791	0.256607	
671	0.999253	0.000162	-0.228171	-0.000162	0.999253	0.123033	
672	0.999149	0.000532	-0.257167	-0.000532	0.999149	0.871326	
673	0.999321	0.000130	-0.180816	-0.000130	0.999321	0.027464	
674	0.999097	0.000137	-0.018117	-0.000137	0.999097	0.150587	
675	0.999158	0.000039	-0.163526	-0.000039	0.999158	0.104132	
676	0.998996	-0.000010	-0.002865	0.000010	0.998996	0.330609	
677	0.998911	0.000100	0.208028	-0.000100	0.998911	0.058514	
678	0.998987	0.000216	0.096057	-0.000216	0.998987	0.458055	
679	0.999122	0.000074	-0.145691	-0.000074	0.999122	0.069681	
680	0.998665	0.000413	0.383641	-0.000413	0.998665	0.688619	
681	0.998694	0.000613	-0.115447	-0.000613	0.998694	0.482507	
682	0.998923	0.000154	0.400563	-0.000154	0.998923	0.220602	
683	0.999220	0.000254	-0.389715	-0.000254	0.999220	0.327373	
684	0.998851	0.000063	0.203852	-0.000063	0.998851	0.198423	
685	0.999116	-0.000005	-0.319334	0.000005	0.999116	0.087205	
686	0.998886	-0.000002	0.095474	0.000002	0.998886	0.024710	
687	0.999190	-0.000129	0.216426	0.000129	0.999190	0.182390	
688	0.998477	0.000150	0.560682	-0.000150	0.998477	0.490438	
689	0.998919	0.000224	0.057646	-0.000224	0.998919	0.095556	
690	0.998753	-0.000045	0.166803	0.000045	0.998753	0.142151	
691	0.998864	-0.000031	0.025975	0.000031	0.998864	0.160453	
692	0.998841	-0.000015	0.181741	0.000015	0.998841	0.071293	
693	0.998793	-0.000093	0.067812	0.000093	0.998793	-0.000845	
694	0.999075	-0.000095	-0.052371	0.000095	0.999075	-0.025667	
695	0.998857	-0.000168	0.127688	0.000168	0.998857	-0.000081	
696	0.999041	-0.000302	0.167669	0.000302	0.999041	-0.252961	
697	0.999264	-0.000176	-0.315630	0.000176	0.999264	-0.062533	
698	0.999013	-0.000655	0.518359	0.000655	0.999013	-0.502271	
699	0.999211	-0.000363	-0.107633	0.000363	0.999211	-0.141592	
700	0.999045	-0.000187	0.216773	0.000187	0.999045	-0.012563	
701	0.999333	-0.000369	-0.016091	0.000369	0.999333	-0.437939	
702	0.999158	-0.000405	0.137922	0.000405	0.999158	-0.218663	
703	0.999083	-0.000377	-0.065464	0.000377	0.999083	-0.084139	
704	0.998992	-0.000212	0.242892	0.000212	0.998992	-0.039227	
705	0.999142	-0.000366	0.084304	0.000366	0.999142	-0.338593	
706	0.999070	-0.000143	0.158632	0.000143	0.999070	-0.052915	
707	0.999147	-0.000179	0.008867	0.000179	0.999147	-0.037965	
708	0.998968	-0.000231	0.280219	0.000231	0.998968	-0.220751	
709	0.999222	-0.000408	-0.057273	0.000408	0.999222	-0.034605	
710	0.999014	-0.000264	0.158187	0.000264	0.999014	-0.022903	
711	0.999127	-0.000121	-0.007221	0.000121	0.999127	0.222773	
712	0.999158	0.000220	0.042547	-0.000220	0.999158	-0.102416	
713	0.999218	-0.000103	-0.185993	0.000103	0.999218	0.026149	
714	0.999116	-0.000157	0.061321	0.000157	0.999116	0.059907	
715	0.999286	-0.000221	-0.062491	0.000221	0.999286	-0.156874	
716	0.999178	-0.000316	0.169968	0.000316	0.999178	-0.063020	
717	0.999119	-0.000278	0.171950	0.000278	0.999119	-0.276104	
718	0.999105	-0.000188	-0.023337	0.000188	0.999105	-0.002947	
719	0.999307	-0.000135	-0.118210	0.000135	0.999307	-0.119436	
720	0.999105	0.000023	0.051691	-0.000023	0.999105	0.293628	
721	0.999221	0.000124	0.020871	-0.000124	0.999221	0.300795	
722	0.998974	-0.000025	0.125770	0.000025	0.998974	0.162749	
723	0.999072	0.000074	-0.181205	-0.000074	0.999072	0.268307	
724	0.999038	0.000163	0.086279	-0.000163	0.999038	0.433389	
725	0.999156	0.000123	-0.104451	-0.000123	0.999156	0.262102	
726	0.999172	0.000222	-0.048707	-0.000222	0.999172	0.587947	
727	0.999221	-0.000023	0.011308	0.000023	0.999221	0.054246	
728	0.998797	0.000073	0.609588	-0.000073	0.998797	0.556357	
729	0.999304	-0.000183	0.115618	0.000183	0.999304	-0.022880	
730	0.998991	-0.000058	0.227340	0.000058	0.998991	0.247682	
731	0.999267	0.000001	-0.076960	-0.000001	0.999267	0.231881	
732	0.999010	0.000157	0.721569	-0.000157	0.999010	0.179298	
733	0.999263	0.000004	-0.226194	-0.000004	0.999263	0.032417	
734	0.999041	-0.000124	-0.247570	0.000124	0.999041	-0.031171	
735	0.999418	-0.000104	0.215124	0.000104	0.999418	0.258901	
736	0.999114	0.000021	0.412479	-0.000021	0.999114	0.162446	
737	0.999498	-0.000015	-0.167206	0.000015	0.999498	0.320047	
738	0.999363	-0.000091	0.098525	0.000091	0.999363	0.208202	
739	0.999281	0.000151	0.042162	-0.000151	0.999281	0.255252	
740	0.999269	0.000017	0.275777	-0.000017	0.999269	0.237932	
741	0.999229	0.000265	0.308780	-0.000265	0.999229	0.415903	
742	0.999397	-0.000092	0.548461	0.000092	0.999397	0.023389	
743	0.999236	0.000004	0.045586	-0.000004	0.999236	0.272762	
744	0.999445	-0.000054	0.160582	0.000054	0.999445	-0.038262	
745	0.999204	-0.000140	0.217785	0.000140	0.999204	0.112910	
746	0.999299	-0.000091	0.280261	0.000091	0.999299	0.097638	
747	0.999318	-0.000091	0.036106	0.000091	0.999318	0.063273	
748	0.999349	0.000312	-0.086224	-0.000312	0.999349	0.449190	
749	0.999234	0.000432	0.234517	-0.000432	0.999234	0.441792	
750	0.999343	0.000113	-0.052983	-0.000113	0.999343	0.174400	
751	0.999474	-0.000045	-0.142497	0.000045	0.999474	-0.209858	
752	0.999192	0.000662	0.103106	-0.000662	0.999192	0.750085	
753	0.999381	0.000281	-0.299789	-0.000281	0.999381	0.103614	
754	0.999198	-0.000172	0.307308	0.000172	0.999198	-0.165445	
755	0.999489	0.000041	0.057775	-0.000041	0.999489	0.050178	
756	0.999023	0.000318	0.903003	-0.000318	0.999023	0.390418	
757	0.999530	0.000072	-0.039230	-0.000072	0.999530	0.096073	
758	0.999214	0.000138	-0.084221	-0.000138	0.999214	0.170532	
759	0.999432	0.000010	-0.107382	-0.000010	0.999432	0.057268	
760	0.999155	0.000177	0.788895	-0.000177	0.999155	0.542487	
761	0.999484	0.000140	-0.279461	-0.000140	0.999484	-0.144295	
762	0.999260	0.000038	0.222475	-0.000038	0.999260	0.128516	
763	0.999413	0.000057	-0.104366	-0.000057	0.999413	-0.064252	
764	0.999193	0.000083	0.334382	-0.000083	0.999193	0.216554	
765	0.999379	-0.000078	-0.065378	0.000078	0.999379	-0.079073	
766	0.999327	-0.000202	0.235020	0.000202	0.999327	0.128641	
767	0.999274	-0.000279	0.205524	0.000279	0.999274	-0.463054	
768	0.999276	-0.000216	0.351067	0.000216	0.999276	0.036662	
769	0.999370	-0.000275	0.020790	0.000275	0.999370	-0.197227	
770	0.999106	-0.000188	0.112874	0.000188	0.999106	0.236041	
771	0.999378	0.000034	0.224371	-0.000034	0.999378	0.089696	
772	0.999028	0.000310	0.806829	-0.000310	0.999028	0.510091	
773	0.999284	0.000561	-0.097076	-0.000561	0.999284	0.310870	
774	0.999359	0.000197	-0.161946	-0.000197	0.999359	0.239882	
775	0.999365	0.000202	0.002045	-0.000202	0.999365	0.391897	
776	0.999345	0.000030	0.141448	-0.000030	0.999345	0.167401	
777	0.999561	-0.000228	-0.123623	0.000228	0.999561	-0.031927	
778	0.999315	0.000034	0.149320	-0.000034	0.999315	0.219258	
779	0.999626	-0.000061	-0.078766	0.000061	0.999626	-0.071169	
780	0.999312	0.000233	0.038460	-0.000233	0.999312	0.414852	
781	0.999552	-0.000059	-0.141623	0.000059	0.999552	-0.025365	
782	0.999398	0.000189	0.049107	-0.000189	0.999398	0.066657	
783	0.999574	0.000236	-0.160675	-0.000236	0.999574	0.195963	
784	0.999237	-0.000084	0.380861	0.000084	0.999237	0.229140	
785	0.999597	0.000225	-0.547948	-0.000225	0.999597	0.061870	
786	0.999364	0.000041	-0.099016	-0.000041	0.999364	0.271919	
787	0.999578	0.000061	-0.153097	-0.000061	0.999578	0.182066	
788	0.999232	0.000128	0.293137	-0.000128	0.999232	0.414731	
789	0.999238	0.000182	-0.156368	-0.000182	0.999238	0.344725	
790	0.999218	0.000019	-0.025411	-0.000019	0.999218	0.240913	
791	0.999569	0.000137	-0.365388	-0.000137	0.999569	0.412993	
792	0.999210	0.000204	-0.162686	-0.000204	0.999210	0.518884	
793	0.999464	0.000481	-0.415871	-0.000481	0.999464	0.618013	
794	0.999404	0.000174	-0.354834	-0.000174	0.999404	0.251991	
795	0.999564	0.000125	-0.264616	-0.000125	0.999564	0.342050	
796	0.999081	0.000256	-0.067561	-0.000256	0.999081	0.821269	
797	0.999529	0.000292	-0.025830	-0.000292	0.999529	0.394804	
798	0.999270	0.000460	-0.079477	-0.000460	0.999270	0.548917	
799	0.999445	0.000273	-0.287785	-0.000273	0.999445	0.491829	
800	0.999206	0.000295	-0.153852	-0.000295	0.999206	0.710227	
801	0.999494	0.000039	-0.056342	-0.000039	0.999494	0.100437	
802	0.999122	0.000387	0.126425	-0.000387	0.999122	1.063026	
803	0.999463	-0.000036	-0.102706	0.000036	0.999463	0.181681	
804	0.999151	0.000054	0.239455	-0.000054	0.999151	0.385558	
805	0.999408	-0.000041	0.126849	0.000041	0.999408	0.375591	
806	0.999035	0.000254	0.274211	-0.000254	0.999035	0.549418	
807	0.999459	-0.000029	0.114028	0.000029	0.999459	0.014040	
808	0.999308	-0.000314	0.256403	0.000314	0.999308	0.266392	
809	0.999576	-0.000104	-0.246638	0.000104	0.999576	0.129832	
810	0.999288	0.000117	-0.006627	-0.000117	0.999288	0.212889	
811	0.999542	-0.000243	0.034622	0.000243	0.999542	0.241353	
812	0.999129	-0.000048	0.400514	0.000048	0.999129	0.174092	
813	0.999307	-0.000132	0.139732	0.000132	0.999307	0.180052	
814	0.999484	-0.000031	0.073599	0.000031	0.999484	0.069810	
815	0.999235	-0.000022	-0.067362	0.000022	0.999235	0.380179	
816	0.999384	-0.000338	0.106286	0.000338	0.999384	0.129180	
817	0.999674	-0.000043	-0.317111	0.000043	0.999674	0.076709	
818	0.999203	-0.000056	0.177032	0.000056	0.999203	0.382547	
819	0.999464	0.000381	-0.069831	-0.000381	0.999464	0.564531	
820	0.999065	0.000283	-0.013530	-0.000283	0.999065	0.370705	
821	0.999283	0.000249	-0.144510	-0.000249	0.999283	0.484401	
822	0.999101	0.000054	-0.081878	-0.000054	0.999101	0.395479	
823	0.999587	0.000200	-0.281844	-0.000200	0.999587	0.710710	
824	0.999248	-0.000092	0.010659	0.000092	0.999248	0.299933	
825	0.999355	-0.000138	0.082973	0.000138	0.999355	0.321071	
826	0.999341	0.000123	0.110952	-0.000123	0.999341	0.462677	
827	0.999471	-0.000069	-0.062595	0.000069	0.999471	0.118806	
828	0.999085	-0.000055	0.295231	0.000055	0.999085	0.561631	
829	0.998972	-0.000212	0.377036	0.000212	0.998972	0.282351	
830	0.999262	-0.000095	0.175855	0.000095	0.999262	0.287539	
831	0.998830	0.000014	0.282805	-0.000014	0.998830	0.396485	
832	0.999055	-0.000068	0.526177	0.000068	0.999055	0.396750	
833	0.999456	0.000136	-0.115490	-0.000136	0.999456	0.376234	
834	0.999305	-0.000137	0.097778	0.000137	0.999305	0.071991	
835	0.999275	-0.000100	-0.175072	0.000100	0.999275	0.620150	
836	0.999120	-0.000003	0.052970	0.000003	0.999120	0.458332	
837	0.999217	-0.000161	-0.131781	0.000161	0.999217	0.035259	
838	0.999129	-0.000166	0.221762	0.000166	0.999129	0.253059	
839	0.999155	0.000522	0.450909	-0.000522	0.999155	0.847845	
840	0.998845	0.000148	0.595158	-0.000148	0.998845	0.441512	
841	0.999426	0.000057	0.046564	-0.000057	0.999426	0.308618	
842	0.999112	0.000002	0.164357	-0.000002	0.999112	0.287561	
843	0.999280	-0.000066	0.081747	0.000066	0.999280	0.177192	
844	0.999166	-0.000020	0.076974	0.000020	0.999166	0.173616	
845	0.999368	-0.000106	-0.124257	0.000106	0.999368	0.219929	
846	0.999023	-0.000250	0.031622	0.000250	0.999023	0.135692	
847	0.999202	0.000063	0.088148	-0.000063	0.999202	0.260013	
848	0.999380	0.000119	-0.032600	-0.000119	0.999380	0.155645	
849	0.999315	-0.000017	0.087359	0.000017	0.999315	-0.001573	
850	0.999216	0.000337	-0.043254	-0.000337	0.999216	0.470158	
851	0.999186	0.000153	-0.080141	-0.000153	0.999186	0.368299	
852	0.999262	0.000153	0.162423	-0.000153	0.999262	0.162613	
853	0.999261	0.000044	-0.135371	-0.000044	0.999261	0.139106	
854	0.999165	-0.000098	-0.155495	0.000098	0.999165	-0.029276	
855	0.999459	0.000037	-0.130312	-0.000037	0.999459	0.138821	
856	0.999529	0.000003	-0.206700	-0.000003	0.999529	0.044831	
857	0.999412	-0.000086	0.007775	0.000086	0.999412	0.146253	
858	0.999287	-0.000261	0.094224	0.000261	0.999287	-0.254749	
859	0.999211	0.000016	-0.192302	-0.000016	0.999211	0.177606	
860	0.999531	0.000150	-0.108810	-0.000150	0.999531	0.076168	
861	0.999195	0.000110	0.069194	-0.000110	0.999195	0.125463	
862	0.999401	0.000116	-0.067266	-0.000116	0.999401	0.169722	
863	0.999486	0.000085	-0.215113	-0.000085	0.999486	0.197591	
864	0.999352	0.000068	-0.109620	-0.000068	0.999352	0.118792	
865	0.998646	0.000037	0.453247	-0.000037	0.998646	0.319069	
866	0.999584	0.000066	-0.075496	-0.000066	0.999584	0.067078	
867	0.999450	-0.000019	0.191597	0.000019	0.999450	0.063385	
868	0.998578	-0.000041	0.525896	0.000041	0.998578	0.288965	
869	0.998774	0.000182	0.416733	-0.000182	0.998774	0.255741	
870	0.999281	0.000215	0.055983	-0.000215	0.999281	0.203121	
871	0.998843	0.000164	0.272622	-0.000164	0.998843	0.383278	
872	0.998719	0.000288	0.531633	-0.000288	0.998719	0.483928	
873	0.999586	0.000324	-0.293159	-0.000324	0.999586	0.274517	
874	0.999282	0.000334	-0.339919	-0.000334	0.999282	0.155458	
875	0.999156	0.000122	-0.356543	-0.000122	0.999156	0.126871	
876	0.999306	0.000250	0.405668	-0.000250	0.999306	0.565877	
877	0.999535	0.000235	-0.114654	-0.000235	0.999535	0.119908	
878	0.999141	0.000269	-0.151006	-0.000269	0.999141	0.344580	
879	0.999596	0.000446	-0.063088	-0.000446	0.999596	0.448992	
880	0.998850	0.000364	0.404826	-0.000364	0.998850	0.433103	
881	0.998823	0.000612	0.129133	-0.000612	0.998823	0.628334	
882	0.998615	0.000538	0.211801	-0.000538	0.998615	0.537207	
883	0.998968	0.000269	0.322675	-0.000269	0.998968	0.352145	
884	0.998596	0.000539	0.172549	-0.000539	0.998596	0.641914	
885	0.998953	0.000104	0.379498	-0.000104	0.998953	0.317405	
886	0.999090	0.000170	0.003261	-0.000170	0.999090	0.090315	
887	0.999529	0.000312	-0.008465	-0.000312	0.999529	0.387929	
888	0.999343	0.000229	-0.082198	-0.000229	0.999343	0.163809	
889	0.999162	0.000131	0.464352	-0.000131	0.999162	-0.107346	
890	0.998837	0.000128	0.364482	-0.000128	0.998837	0.315322	
891	0.999178	-0.000288	0.645161	0.000288	0.999178	-0.387097	
892	0.999006	0.000018	0.278656	-0.000018	0.999006	0.342839	
893	0.999070	-0.000092	0.437228	0.000092	0.999070	0.087444	
894	0.999113	0.000045	0.212329	-0.000045	0.999113	0.155384	
895	0.999350	-0.000044	-0.088277	0.000044	0.999350	-0.333532	
896	0.998952	0.000110	0.471539	-0.000110	0.998952	0.446069	
897	0.998860	0.000135	0.158653	-0.000135	0.998860	0.111756	
898	0.998814	0.000288	0.383106	-0.000288	0.998814	0.305864	
899	0.999121	0.000186	0.020333	-0.000186	0.999121	0.267207	
900	0.999438	0.000461	0.088581	-0.000461	0.999438	0.190985	
901	0.999071	0.000178	0.380848	-0.000178	0.999071	0.382054	
902	0.999110	0.000145	0.133431	-0.000145	0.999110	0.044587	
903	0.999273	0.000004	0.140809	-0.000004	0.999273	0.094536	
904	0.999297	0.000133	0.332937	-0.000133	0.999297	0.117593	
905	0.999340	0.000103	-0.015501	-0.000103	0.999340	0.213788	
906	0.999104	-0.000050	0.302192	0.000050	0.999104	-0.132859	
907	0.999308	0.000103	-0.091576	-0.000103	0.999308	0.277065	
908	0.999200	-0.000000	0.437633	0.000000	0.999200	-0.122994	
909	0.999104	-0.000322	0.502239	0.000322	0.999104	-0.558486	
910	0.999170	0.000225	0.087591	-0.000225	0.999170	0.423176	
911	0.999153	0.000040	0.158459	-0.000040	0.999153	-0.026023	
912	0.999210	0.000067	0.086650	-0.000067	0.999210	0.179651	
913	0.999260	0.000216	0.085275	-0.000216	0.999260	-0.107965	
914	0.999211	-0.000171	0.083651	0.000171	0.999211	-0.145745	
915	0.999266	0.000050	0.131605	-0.000050	0.999266	0.055607	
916	0.999249	-0.000043	0.184660	0.000043	0.999249	-0.006325	
917	0.999287	-0.000193	0.154195	0.000193	0.999287	-0.201173	
918	0.999279	0.000101	-0.005755	-0.000101	0.999279	-0.008353	
919	0.999295	-0.000165	-0.081623	0.000165	0.999295	-0.296328	
920	0.999186	0.000221	0.088728	-0.000221	0.999186	0.420287	
921	0.999260	-0.000195	-0.121541	0.000195	0.999260	-0.529046	
922	0.999234	0.000037	0.129977	-0.000037	0.999234	0.054755	
923	0.999224	0.000096	0.328441	-0.000096	0.999224	0.029567	
924	0.999340	0.000264	0.056336	-0.000264	0.999340	0.192433	
925	0.999390	0.000149	-0.011695	-0.000149	0.999390	0.140646	
926	0.999440	0.000038	0.096594	-0.000038	0.999440	0.056987	
927	0.999349	0.000012	0.131770	-0.000012	0.999349	0.064760	
928	0.999411	-0.000007	-0.217724	0.000007	0.999411	0.058179	
929	0.999513	-0.000115	-0.026322	0.000115	0.999513	-0.126333	
930	0.999365	0.000189	0.034327	-0.000189	0.999365	0.169723	
931	0.999392	0.000152	0.101994	-0.000152	0.999392	0.070901	
932	0.999222	0.000374	0.268325	-0.000374	0.999222	0.064404	
933	0.999600	-0.000258	-0.575257	0.000258	0.999600	-0.334626	
934	0.999318	0.000178	-0.315421	-0.000178	0.999318	0.364187	
935	0.999532	-0.000082	0.577928	0.000082	0.999532	-0.267885	
936	0.999111	0.000245	0.602371	-0.000245	0.999111	0.212786	
937	0.999445	-0.000022	-0.056414	0.000022	0.999445	-0.085153	
938	0.999304	0.000166	0.161382	-0.000166	0.999304	0.239311	
939	0.999412	0.000193	0.258393	-0.000193	0.999412	0.025505	
940	0.998956	0.000223	0.673825	-0.000223	0.998956	0.139184	
941	0.999504	-0.000108	0.107013	0.000108	0.999504	-0.209846	
942	0.999177	0.000012	0.377999	-0.000012	0.999177	0.023493	
943	0.999300	-0.000175	0.074890	0.000175	0.999300	-0.087291	
944	0.999116	-0.000446	0.435418	0.000446	0.999116	-0.859672	
945	0.999473	0.000009	-0.029064	-0.000009	0.999473	-0.002273	
946	0.999292	0.000128	0.224634	-0.000128	0.999292	0.155598	
947	0.999530	-0.000237	0.041259	0.000237	0.999530	-0.628087	
948	0.999322	-0.000364	0.428739	0.000364	0.999322	-0.565175	
949	0.999395	-0.000038	0.032140	0.000038	0.999395	0.210664	
950	0.999169	0.000015	0.333382	-0.000015	0.999169	-0.001200	
951	0.999501	-0.000241	0.286776	0.000241	0.999501	-0.567864	
952	0.999130	-0.000109	0.411847	0.000109	0.999130	-0.056277	
953	0.999544	-0.000035	-0.237349	0.000035	0.999544	-0.113758	
954	0.999161	-0.000553	0.427389	0.000553	0.999161	-0.654233	
955	0.999521	-0.000106	0.160719	0.000106	0.999521	-0.169076	
956	0.999158	-0.000287	0.651412	0.000287	0.999158	-0.112898	
957	0.999497	-0.000195	0.446302	0.000195	0.999497	-0.243614	
958	0.999251	-0.000055	-0.027037	0.000055	0.999251	-0.115508	
959	0.999306	0.000037	0.134933	-0.000037	0.999306	0.036623	
960	0.999343	-0.000074	-0.037911	0.000074	0.999343	-0.038880	
961	0.999846	0.000241	-0.311491	-0.000241	0.999846	0.024838	
962	0.999197	0.000183	0.199120	-0.000183	0.999197	0.336858	
963	0.999357	0.000081	0.143749	-0.000081	0.999357	0.183248	
964	0.999220	0.000263	0.324673	-0.000263	0.999220	0.241802	
965	0.999374	0.000226	0.070559	-0.000226	0.999374	0.155765	
966	0.999199	0.000321	0.346296	-0.000321	0.999199	0.355531	
967	0.999381	0.000194	0.026135	-0.000194	0.999381	0.041498	
968	0.999333	0.000038	0.132878	-0.000038	0.999333	0.193451	
969	0.999381	0.000155	-0.001183	-0.000155	0.999381	0.186708	
970	0.999328	0.000023	0.130669	-0.000023	0.999328	0.261825	
971	0.999491	0.000352	0.146992	-0.000352	0.999491	0.476411	
972	0.999377	0.000192	0.098788	-0.000192	0.999377	0.166376	
973	0.999462	0.000208	-0.273116	-0.000208	0.999462	0.288285	
974	0.999152	0.000127	0.039621	-0.000127	0.999152	0.133652	
975	0.999571	0.000074	-0.256490	-0.000074	0.999571	0.026862	
976	0.999343	0.000044	0.042318	-0.000044	0.999343	0.029450	
977	0.999503	-0.000110	-0.217437	0.000110	0.999503	-0.229214	
978	0.999284	0.000003	0.134653	-0.000003	0.999284	0.152983	
979	0.999411	0.000155	-0.212230	-0.000155	0.999411	-0.089112	
980	0.999289	0.000048	0.003461	-0.000048	0.999289	0.157860	
981	0.999426	0.000099	-0.000564	-0.000099	0.999426	-0.011132	
982	0.999148	0.000253	0.448638	-0.000253	0.999148	0.265859	
983	0.999530	-0.000035	0.193968	0.000035	0.999530	-0.170026	
984	0.999325	-0.000167	0.193148	0.000167	0.999325	-0.133684	
985	0.999544	0.000089	-0.073084	-0.000089	0.999544	0.178577	
986	0.999429	-0.000051	-0.090156	0.000051	0.999429	-0.016925	
987	0.999381	-0.000164	0.094189	0.000164	0.999381	0.039330	
988	0.999277	-0.000166	-0.067815	0.000166	0.999277	-0.192397	
989	0.999687	0.000185	-0.007193	-0.000185	0.999687	0.069537	
990	0.999458	0.000166	0.182107	-0.000166	0.999458	0.082553	
991	0.999503	0.000131	0.194895	-0.000131	0.999503	0.154205	
992	0.999421	0.000270	-0.002226	-0.000270	0.999421	0.202721	
993	0.999422	0.000047	0.102480	-0.000047	0.999422	0.050795	
994	0.999576	-0.000023	-0.372583	0.000023	0.999576	-0.223442	
995	0.999308	-0.000148	0.271277	0.000148	0.999308	0.166190	
996	0.999605	-0.000234	-0.132119	0.000234	0.999605	-0.417250	
997	0.999509	-0.000021	0.178618	0.000021	0.999509	0.049885	
998	0.999404	-0.000032	0.230668	0.000032	0.999404	-0.087842	
999	0.999682	-0.000286	0.175058	0.000286	0.999682	-0.242035	
1000	0.999458	-0.000101	0.336229	0.000101	0.999458	0.321398	
1001	0.999816	-0.000253	0.145459	0.000253	0.999816	-0.227310	
1002	0.999734	-0.000020	0.247870	0.000020	0.999734	0.084888	
1003	0.999970	-0.000038	-0.007143	0.000038	0.999970	-0.000739	
1004	0.999745	0.000069	0.012935	-0.000069	0.999745	0.192201	
1005	0.999921	-0.000036	-0.028320	0.000036	0.999921	-0.145495	
1006	0.999750	-0.000145	0.556967	0.000145	0.999750	0.072782	
1007	0.999645	0.000025	-0.020032	-0.000025	0.999645	-0.015442	
