0	1.000000	0.000000	0.000000	0.000000	1.000000	0.000000	
1	1.000074	0.000417	-0.480198	-0.000417	1.000074	0.922571	
2	1.000361	0.000548	-0.582871	-0.000548	1.000361	0.979565	
3	0.999570	-0.000200	1.223787	0.000200	0.999570	0.757515	
4	1.000385	0.000099	-1.001073	-0.000099	1.000385	0.651915	
5	0.999819	0.000763	-0.669515	-0.000763	0.999819	1.604941	
6	1.000600	0.000886	0.788880	-0.000886	1.000600	0.717659	
7	0.999891	0.000083	2.472467	-0.000083	0.999891	0.448718	
8	1.000211	-0.000246	-1.216236	0.000246	1.000211	1.449335	
9	0.999516	0.000698	0.720824	-0.000698	0.999516	2.435245	
10	1.000309	0.000227	1.983566	-0.000227	1.000309	1.072003	
11	0.999794	-0.000198	-0.628507	0.000198	0.999794	1.290255	
12	1.000187	0.000812	-1.447520	-0.000812	1.000187	1.598771	
13	0.999781	0.000433	1.374009	-0.000433	0.999781	1.093936	
14	1.000140	-0.000070	0.595466	0.000070	1.000140	0.785316	
15	0.999437	-0.000007	1.418894	0.000007	0.999437	1.620153	
16	1.000257	0.000075	0.116441	-0.000075	1.000257	0.759165	
17	0.999679	0.000817	0.597415	-0.000817	0.999679	1.337758	
18	1.000377	0.000425	0.690958	-0.000425	1.000377	1.393015	
19	0.999633	0.000477	0.769115	-0.000477	0.999633	1.071290	
20	1.000392	0.000103	-0.662457	-0.000103	1.000392	0.876225	
21	0.999774	0.000080	0.568192	-0.000080	0.999774	2.056247	
22	1.000454	-0.000007	0.084995	0.000007	1.000454	2.193113	
23	0.999629	-0.000359	0.228233	0.000359	0.999629	2.143043	
24	1.000405	-0.000293	0.139849	0.000293	1.000405	0.674090	
25	0.999852	0.000253	0.217733	-0.000253	0.999852	2.050711	
26	1.000340	-0.000257	1.204666	0.000257	1.000340	0.625851	
27	0.999860	0.000591	1.312873	-0.000591	0.999860	2.031191	
28	1.000504	-0.000058	-0.012324	0.000058	1.000504	1.378771	
29	0.999564	0.000264	0.911276	-0.000264	0.999564	2.091758	
30	1.000784	0.000468	0.075219	-0.000468	1.000784	1.595599	
31	0.999818	0.000286	0.591675	-0.000286	0.999818	3.244969	
32	1.000015	0.000379	0.128167	-0.000379	1.000015	2.418490	
33	0.999980	0.001583	0.262926	-0.001583	0.999980	2.001692	
34	1.000493	0.000514	-0.553450	-0.000514	1.000493	2.102438	
35	0.999770	0.000801	0.791194	-0.000801	0.999770	1.897827	
36	1.000378	0.000660	0.501887	-0.000660	1.000378	1.258708	
37	1.000043	0.000129	0.000712	-0.000129	1.000043	1.949757	
38	1.000291	0.000662	0.846207	-0.000662	1.000291	0.823321	
39	0.999870	0.000475	0.318133	-0.000475	0.999870	1.332167	
40	1.000404	0.000396	0.568673	-0.000396	1.000404	1.316150	
41	1.000152	0.000199	1.187470	-0.000199	1.000152	1.939530	
42	1.000313	0.000180	0.635966	-0.000180	1.000313	1.664953	
43	0.999904	0.000472	0.982772	-0.000472	0.999904	1.468481	
44	1.000580	0.000218	-0.271492	-0.000218	1.000580	0.859211	
45	0.999698	0.000097	1.629407	-0.000097	0.999698	1.405557	
46	1.000631	-0.000168	-0.154682	0.000168	1.000631	0.593797	
47	0.999690	0.000262	-0.498995	-0.000262	0.999690	0.822939	
48	1.000391	0.000335	-1.401742	-0.000335	1.000391	0.737635	
49	1.000033	0.000569	0.171819	-0.000569	1.000033	1.193943	
50	1.000237	0.000377	-0.536036	-0.000377	1.000237	0.489138	
51	1.000024	0.000454	-0.217689	-0.000454	1.000024	0.546522	
52	1.000146	0.000258	-0.366477	-0.000258	1.000146	0.660457	
53	0.999740	0.000437	-0.225370	-0.000437	0.999740	1.179905	
54	1.000463	0.000233	-0.820770	-0.000233	1.000463	0.091997	
55	1.000074	0.000473	-0.506031	-0.000473	1.000074	0.826859	
56	1.000419	0.000336	-0.162006	-0.000336	1.000419	0.700727	
57	0.999843	0.000111	0.671415	-0.000111	0.999843	0.044121	
58	1.000134	0.000241	0.874031	-0.000241	1.000134	0.805205	
59	1.000237	0.000141	0.920879	-0.000141	1.000237	0.288221	
60	1.000075	0.000372	0.031445	-0.000372	1.000075	0.594672	
61	1.000037	0.000455	1.062812	-0.000455	1.000037	-0.084773	
62	1.000219	0.000207	0.294472	-0.000207	1.000219	0.050932	
63	1.000325	-0.000242	0.060259	0.000242	1.000325	-0.935684	
64	1.000123	0.000298	0.025098	-0.000298	1.000123	0.304744	
65	1.000128	0.000123	0.072824	-0.000123	1.000128	0.028673	
66	1.000090	0.000161	0.061200	-0.000161	1.000090	0.028740	
67	1.000408	0.000306	-0.628717	-0.000306	1.000408	-1.007169	
68	1.000432	0.000159	-0.354801	-0.000159	1.000432	-0.755769	
69	1.000133	0.000175	0.693162	-0.000175	1.000133	0.268996	
70	0.999958	0.000189	0.315438	-0.000189	0.999958	-0.138368	
71	1.000469	0.000476	-0.054704	-0.000476	1.000469	-0.114871	
72	1.000160	0.000112	0.108328	-0.000112	1.000160	-0.623516	
73	1.000267	0.000489	-0.888581	-0.000489	1.000267	-1.069981	
74	1.000323	0.000754	-1.589637	-0.000754	1.000323	-0.335071	
75	1.000224	0.000539	0.070680	-0.000539	1.000224	-0.709711	
76	1.000432	0.000212	-1.450683	-0.000212	1.000432	-1.155544	
77	1.000147	0.000763	-0.659416	-0.000763	1.000147	0.178904	
78	1.000245	0.000411	-0.632872	-0.000411	1.000245	-1.090690	
79	1.000184	0.000235	-0.805922	-0.000235	1.000184	-0.638294	
80	1.000131	0.000064	-0.090936	-0.000064	1.000131	-0.813260	
81	1.000056	0.000478	-0.115708	-0.000478	1.000056	-0.319177	
82	1.000240	0.000187	-0.056699	-0.000187	1.000240	-0.630916	
83	1.000010	-0.000027	0.310159	0.000027	1.000010	-0.343639	
84	1.000301	-0.000024	-0.255393	0.000024	1.000301	-0.647727	
85	1.000055	0.000603	-1.027219	-0.000603	1.000055	0.490576	
86	1.000496	0.000097	0.058431	-0.000097	1.000496	-1.651110	
87	0.999979	0.000334	-0.480633	-0.000334	0.999979	-0.312000	
88	1.000546	0.000647	-1.074033	-0.000647	1.000546	-0.291999	
89	0.999975	0.000398	-0.330155	-0.000398	0.999975	-0.526523	
90	1.000580	0.000486	-1.024869	-0.000486	1.000580	-0.322677	
91	0.999923	0.000225	0.247947	-0.000225	0.999923	-0.570429	
92	1.000505	0.000362	-1.306439	-0.000362	1.000505	-0.639337	
93	0.999892	0.000469	-0.292803	-0.000469	0.999892	-0.483800	
94	1.000532	0.000329	-0.107485	-0.000329	1.000532	-0.474341	
95	0.999951	0.000052	-0.949627	-0.000052	0.999951	0.022097	
96	1.000462	0.000232	-1.213336	-0.000232	1.000462	0.085488	
97	0.999836	0.000302	-0.292181	-0.000302	0.999836	0.001047	
98	1.000594	0.000495	-0.463344	-0.000495	1.000594	-0.436708	
99	0.999931	0.000311	0.295337	-0.000311	0.999931	-1.013807	
100	1.000590	0.000478	-0.355585	-0.000478	1.000590	-0.421914	
101	0.999785	0.000509	-0.231786	-0.000509	0.999785	-0.422388	
102	1.000792	-0.000240	-1.329862	0.000240	1.000792	-1.439578	
103	0.999816	0.000568	-1.392695	-0.000568	0.999816	1.064241	
104	1.000631	0.000634	-1.441771	-0.000634	1.000631	-0.903820	
105	0.999963	-0.000114	-0.280574	0.000114	0.999963	-0.007282	
106	1.000784	-0.000127	-2.221226	0.000127	1.000784	1.016161	
107	0.999689	0.000350	-0.660361	-0.000350	0.999689	0.736668	
108	1.000559	0.000500	-1.520597	-0.000500	1.000559	-0.218453	
109	0.999693	0.000522	0.151996	-0.000522	0.999693	0.502739	
110	1.000458	0.000649	-1.379801	-0.000649	1.000458	-0.199605	
111	0.999826	0.000855	-1.082583	-0.000855	0.999826	0.090071	
112	1.000458	0.000458	-0.866932	-0.000458	1.000458	0.083525	
113	1.000129	0.000742	-1.203653	-0.000742	1.000129	0.833900	
114	1.000615	0.000760	-1.019091	-0.000760	1.000615	0.444375	
115	1.000272	0.000826	-1.408651	-0.000826	1.000272	0.969639	
116	1.000424	0.000250	-1.702039	-0.000250	1.000424	-0.254434	
117	1.000126	0.000266	-0.163287	-0.000266	1.000126	0.516857	
118	1.000517	0.000858	-0.174451	-0.000858	1.000517	0.080576	
119	1.000020	0.000302	-0.181150	-0.000302	1.000020	0.205276	
120	1.000485	0.000371	-0.678863	-0.000371	1.000485	0.142469	
121	1.000155	0.001002	-0.382958	-0.001002	1.000155	0.651843	
122	1.000588	0.000249	-0.739896	-0.000249	1.000588	-0.493102	
123	1.000114	0.000602	-1.449719	-0.000602	1.000114	1.665740	
124	1.000456	0.000772	-1.683225	-0.000772	1.000456	-0.036228	
125	1.000280	0.000311	-1.115414	-0.000311	1.000280	0.184832	
126	1.000592	0.000722	-2.132749	-0.000722	1.000592	0.556854	
127	1.000177	0.000629	-1.405648	-0.000629	1.000177	-0.287434	
128	1.000843	0.000530	-1.546811	-0.000530	1.000843	-0.427557	
129	1.000193	0.000195	-1.006103	-0.000195	1.000193	0.220419	
130	1.000674	0.000474	-2.193306	-0.000474	1.000674	-0.273557	
131	1.000237	0.000333	-0.566048	-0.000333	1.000237	0.072560	
132	1.000918	-0.000019	0.233819	0.000019	1.000918	-0.954504	
133	0.999801	-0.000005	0.406507	0.000005	0.999801	0.887989	
134	1.000522	0.000327	-0.507872	-0.000327	1.000522	0.063770	
135	1.000179	0.000095	-0.965241	-0.000095	1.000179	0.134584	
136	1.000283	0.000470	-1.597811	-0.000470	1.000283	-0.107579	
137	1.000033	0.000102	0.384227	-0.000102	1.000033	-0.638598	
138	1.000914	-0.000454	-1.938029	0.000454	1.000914	-0.742848	
139	0.999948	0.000449	-1.382002	-0.000449	0.999948	1.333901	
140	1.000684	0.000198	-1.191714	-0.000198	1.000684	-0.432451	
141	1.000121	-0.000000	-0.591497	0.000000	1.000121	-0.249653	
142	1.001121	0.000264	-1.084952	-0.000264	1.001121	-1.375964	
143	1.000448	0.000107	-1.331186	-0.000107	1.000448	-0.272255	
144	1.000803	0.000362	-1.557587	-0.000362	1.000803	0.495410	
145	0.999845	0.000107	0.435984	-0.000107	0.999845	0.503315	
146	1.001049	0.000016	-0.135345	-0.000016	1.001049	-1.465886	
147	1.000301	-0.000177	-0.839477	0.000177	1.000301	0.255652	
148	1.000395	0.000204	-0.280767	-0.000204	1.000395	0.164942	
149	0.999735	-0.000323	-0.085896	0.000323	0.999735	-0.799518	
150	1.000645	-0.000335	-1.248586	0.000335	1.000645	-0.328825	
151	0.999491	0.000206	0.154197	-0.000206	0.999491	0.873882	
152	1.001065	-0.000012	-1.006602	0.000012	1.001065	-1.489535	
153	1.000422	-0.000129	-1.057185	0.000129	1.000422	-0.455743	
154	1.000182	-0.000028	-0.320021	0.000028	1.000182	-0.568944	
155	1.000271	-0.000312	-0.204464	0.000312	1.000271	-0.444366	
156	1.000648	-0.000207	-0.585221	0.000207	1.000648	-0.292010	
157	1.000002	-0.000450	-0.104982	0.000450	1.000002	-0.249090	
158	1.000518	-0.000286	-0.757184	0.000286	1.000518	-0.418016	
159	1.000103	-0.000011	-0.349507	0.000011	1.000103	0.273493	
160	1.000690	0.000035	-1.140224	-0.000035	1.000690	-0.629727	
161	1.000143	0.000051	-0.420009	-0.000051	1.000143	0.257379	
162	1.000450	-0.000043	-0.579907	0.000043	1.000450	-0.210827	
163	0.999985	-0.000111	-0.022610	0.000111	0.999985	0.149938	
164	1.000452	0.000169	-0.698326	-0.000169	1.000452	0.178622	
165	0.999738	-0.000297	0.392088	0.000297	0.999738	0.792928	
166	1.000712	0.000238	-0.960792	-0.000238	1.000712	0.304672	
167	1.000004	0.000378	0.051069	-0.000378	1.000004	0.555492	
168	1.000294	0.000227	0.244342	-0.000227	1.000294	0.092472	
169	0.999736	-0.000080	0.341937	0.000080	0.999736	-0.109306	
170	1.000379	-0.000074	-0.249717	0.000074	1.000379	-0.260135	
171	1.000105	0.000234	0.864580	-0.000234	1.000105	-0.630396	
172	1.000842	-0.000266	-1.673480	0.000266	1.000842	-0.393220	
173	0.999614	-0.000219	0.891609	0.000219	0.999614	0.750795	
174	1.000088	-0.000254	-0.303427	0.000254	1.000088	0.390183	
175	1.000126	0.000228	-0.326054	-0.000228	1.000126	0.597670	
176	1.000143	0.000065	-0.203040	-0.000065	1.000143	0.266662	
177	1.000008	0.000142	-0.246377	-0.000142	1.000008	0.660105	
178	0.999959	-0.000188	0.017472	0.000188	0.999959	-0.037341	
179	0.999975	-0.000037	0.802562	0.000037	0.999975	0.035653	
180	1.000151	0.000120	-0.000315	-0.000120	1.000151	0.086790	
181	1.000246	0.000328	0.045479	-0.000328	1.000246	0.345810	
182	1.000347	0.000155	0.626289	-0.000155	1.000347	-0.923099	
183	1.000008	-0.000284	0.791640	0.000284	1.000008	-0.950516	
184	0.999952	-0.000046	0.412173	0.000046	0.999952	0.167532	
185	1.000030	-0.000208	0.804680	0.000208	1.000030	-0.023631	
186	1.000268	-0.000302	-0.267423	0.000302	1.000268	-0.064783	
187	1.000244	0.000085	0.182206	-0.000085	1.000244	-0.290410	
188	1.000060	-0.000029	0.101144	0.000029	1.000060	-0.357455	
189	1.000296	-0.000166	0.478848	0.000166	1.000296	-0.320688	
190	1.000221	0.000282	0.079920	-0.000282	1.000221	-0.009884	
191	1.000231	-0.000013	0.012514	0.000013	1.000231	-0.710785	
192	1.000266	0.000475	0.036207	-0.000475	1.000266	-0.249873	
193	1.000273	-0.000221	-0.063822	0.000221	1.000273	-0.337251	
194	1.000448	-0.000175	0.626214	0.000175	1.000448	-0.352455	
195	1.000554	0.000053	-0.217074	-0.000053	1.000554	-0.162502	
196	1.000250	-0.000021	0.352167	0.000021	1.000250	-0.851795	
197	1.000485	0.000160	-0.174373	-0.000160	1.000485	-0.099568	
198	0.999788	-0.000478	0.858193	0.000478	0.999788	-0.814717	
199	1.000600	-0.000023	0.283205	0.000023	1.000600	-0.125792	
200	1.000436	-0.000167	-0.108842	0.000167	1.000436	-0.281199	
201	1.000532	-0.000278	0.582463	0.000278	1.000532	-1.061860	
202	1.000397	-0.000274	-0.018203	0.000274	1.000397	-0.394651	
203	1.000407	-0.000290	0.053931	0.000290	1.000407	-1.083048	
204	1.000294	-0.000394	-0.034400	0.000394	1.000294	-0.417590	
205	1.000447	-0.000428	0.816741	0.000428	1.000447	-0.518276	
206	1.000129	-0.000334	0.079726	0.000334	1.000129	-0.473186	
207	1.000133	-0.000118	0.597746	0.000118	1.000133	-0.604395	
208	1.000125	-0.000352	0.049753	0.000352	1.000125	-1.082682	
209	1.000266	-0.000010	-0.180667	0.000010	1.000266	-0.861724	
210	1.000231	0.000158	-0.189454	-0.000158	1.000231	-0.174605	
211	0.999750	-0.000362	0.871810	0.000362	0.999750	-0.267595	
212	1.000611	-0.000284	-0.213896	0.000284	1.000611	-0.495440	
213	0.999819	-0.000300	0.748826	0.000300	0.999819	-0.357949	
214	1.000704	-0.000133	-0.289695	0.000133	1.000704	-0.342235	
215	1.000220	0.000093	-0.049914	-0.000093	1.000220	-0.949059	
216	1.000549	-0.000043	-0.454684	0.000043	1.000549	-0.231348	
217	1.000105	-0.000292	0.100551	0.000292	1.000105	-0.482877	
218	1.000426	0.000138	-0.318643	-0.000138	1.000426	0.003624	
219	1.000013	-0.000174	0.262941	0.000174	1.000013	-0.120728	
220	1.000360	-0.000030	-0.048242	0.000030	1.000360	-0.876080	
221	0.999846	-0.000186	1.220554	0.000186	0.999846	-0.202861	
222	1.000199	-0.000538	0.507333	0.000538	1.000199	-0.727145	
223	0.999666	0.000160	0.986970	-0.000160	0.999666	0.241739	
224	1.000386	-0.000337	-0.048896	0.000337	1.000386	-0.522511	
225	1.000022	-0.000147	0.659347	0.000147	1.000022	-0.280281	
226	1.000829	0.000025	0.568959	-0.000025	1.000829	-0.444573	
227	0.999971	-0.000396	0.624829	0.000396	0.999971	-0.138193	
228	1.000691	-0.000283	-1.049473	0.000283	1.000691	0.053614	
229	0.999775	-0.000399	0.512058	0.000399	0.999775	0.343466	
230	1.000486	-0.000477	0.253860	0.000477	1.000486	-1.109207	
231	0.999877	-0.000136	0.724565	0.000136	0.999877	-0.460478	
232	1.000636	0.000043	-0.639110	-0.000043	1.000636	-0.647972	
233	1.000139	-0.000040	0.634071	0.000040	1.000139	-0.056848	
234	1.000357	-0.000305	-0.231234	0.000305	1.000357	-0.860703	
235	1.000000	0.000029	0.159966	-0.000029	1.000000	0.193717	
236	1.000508	-0.000028	-0.287734	0.000028	1.000508	-0.017681	
237	0.999824	-0.000346	1.309226	0.000346	0.999824	0.429926	
238	1.000593	-0.000155	0.539571	0.000155	1.000593	0.070571	
239	0.999454	-0.000006	1.048918	0.000006	0.999454	-0.274346	
240	1.000698	0.000047	-0.805833	-0.000047	1.000698	-0.844093	
241	1.000346	0.000174	-0.278714	-0.000174	1.000346	-0.481235	
242	1.000232	0.000137	0.501627	-0.000137	1.000232	0.103621	
243	0.999605	-0.000619	1.224160	0.000619	0.999605	-0.387179	
244	1.000283	-0.000468	0.712578	0.000468	1.000283	-0.122311	
245	0.999821	-0.000417	0.860153	0.000417	0.999821	0.185407	
246	1.000503	-0.000744	0.387740	0.000744	1.000503	-0.708568	
247	0.999826	-0.000422	1.123803	0.000422	0.999826	-0.209202	
248	1.000412	-0.000339	0.265672	0.000339	1.000412	-0.389712	
249	0.999971	-0.000446	0.181701	0.000446	0.999971	-0.454442	
250	1.000311	-0.000548	0.444588	0.000548	1.000311	-0.796319	
251	0.999930	0.000059	0.476497	-0.000059	0.999930	0.479824	
252	1.000346	-0.000602	-0.563586	0.000602	1.000346	-0.551111	
253	0.999722	-0.000505	-0.473579	0.000505	0.999722	0.513704	
254	1.000289	-0.000328	0.021119	0.000328	1.000289	-0.192390	
255	0.999789	-0.000357	0.270449	0.000357	0.999789	-0.374576	
256	1.000770	-0.000305	-1.221857	0.000305	1.000770	-0.771624	
257	0.999656	-0.000552	0.673777	0.000552	0.999656	-0.396844	
258	1.000217	-0.000670	-0.062548	0.000670	1.000217	-0.685468	
259	1.000314	-0.000287	-0.124636	0.000287	1.000314	-0.681864	
260	1.000605	-0.000576	-0.478045	0.000576	1.000605	-1.382973	
261	1.000050	-0.000647	0.046671	0.000647	1.000050	-0.750762	
262	1.000073	-0.000705	-0.058906	0.000705	1.000073	-0.627662	
263	0.999188	-0.000681	0.536623	0.000681	0.999188	-0.156911	
264	1.000372	-0.000966	0.283721	0.000966	1.000372	-0.757972	
265	0.999650	-0.000655	0.844432	0.000655	0.999650	0.087477	
266	1.000470	-0.000436	-0.506660	0.000436	1.000470	-0.520288	
267	1.000311	-0.000576	-0.348122	0.000576	1.000311	-0.347720	
268	1.000413	-0.000185	-1.333163	0.000185	1.000413	-0.478419	
269	1.000076	-0.000491	0.198002	0.000491	1.000076	-0.345774	
270	1.000447	-0.000712	-0.606312	0.000712	1.000447	-0.826137	
271	1.000148	-0.000590	-0.439106	0.000590	1.000148	-0.796129	
272	1.000659	-0.000238	-1.547664	0.000238	1.000659	-0.527977	
273	1.000014	-0.000470	-0.320791	0.000470	1.000014	-0.620007	
274	1.000456	-0.000514	-0.227605	0.000514	1.000456	-0.983695	
275	1.000227	-0.000768	-0.056897	0.000768	1.000227	-0.664910	
276	1.000521	-0.000651	-0.345679	0.000651	1.000521	-0.662104	
277	0.999590	-0.001279	1.321367	0.001279	0.999590	-0.520632	
278	1.000382	-0.000764	-0.057978	0.000764	1.000382	-0.632357	
279	0.999896	-0.000964	0.830494	0.000964	0.999896	-0.448156	
280	1.000320	-0.000701	0.104103	0.000701	1.000320	-0.138276	
281	0.999820	-0.000535	0.489089	0.000535	0.999820	-0.402862	
282	1.000509	-0.000544	-0.830388	0.000544	1.000509	-0.841706	
283	0.999538	-0.000898	0.548938	0.000898	0.999538	-0.311885	
284	1.000500	-0.000349	-0.578407	0.000349	1.000500	-0.621963	
285	0.999891	-0.000644	0.836428	0.000644	0.999891	-0.577926	
286	1.000454	-0.000637	-0.389821	0.000637	1.000454	-1.039788	
287	1.000015	-0.000118	-0.241775	0.000118	1.000015	-0.452047	
288	1.000607	-0.000378	-0.477696	0.000378	1.000607	-0.812252	
289	0.999730	-0.000332	0.711421	0.000332	0.999730	0.409131	
290	1.000512	-0.000466	0.218747	0.000466	1.000512	-0.184766	
291	0.999679	-0.000770	0.594963	0.000770	0.999679	0.452587	
292	1.000429	-0.000302	0.793883	0.000302	1.000429	-0.120096	
293	0.999863	-0.000359	0.562270	0.000359	0.999863	0.193646	
294	1.000645	-0.000293	-0.838025	0.000293	1.000645	-0.610587	
295	0.999865	-0.000380	1.299041	0.000380	0.999865	-0.026183	
296	1.000255	-0.000547	0.184608	0.000547	1.000255	-0.841348	
297	0.999919	-0.000405	0.459328	0.000405	0.999919	-0.378421	
298	1.000581	-0.000414	0.081480	0.000414	1.000581	-0.680657	
299	0.999771	-0.000569	1.150596	0.000569	0.999771	-0.448222	
300	1.000625	-0.000617	0.207896	0.000617	1.000625	-0.952366	
301	0.999976	-0.000610	0.164984	0.000610	0.999976	-0.024060	
302	1.000574	-0.000371	-0.108572	0.000371	1.000574	-0.326294	
303	0.999966	-0.000722	0.607253	0.000722	0.999966	-0.507145	
304	1.000649	-0.000162	-1.035840	0.000162	1.000649	0.101178	
305	0.999665	-0.000897	0.576101	0.000897	0.999665	-0.238475	
306	1.000530	-0.000278	-0.433111	0.000278	1.000530	-0.199390	
307	0.999627	-0.000731	0.998401	0.000731	0.999627	0.499644	
308	1.000231	-0.000388	-0.043892	0.000388	1.000231	-0.540137	
309	1.000127	-0.000524	0.925450	0.000524	1.000127	-0.540786	
310	1.000033	-0.000164	0.376671	0.000164	1.000033	-0.372441	
311	1.000028	-0.000385	0.929492	0.000385	1.000028	-0.416315	
312	1.000615	-0.000303	0.206044	0.000303	1.000615	-0.565490	
313	0.999728	-0.000479	1.077943	0.000479	0.999728	-0.022992	
314	1.000839	-0.000108	-0.129534	0.000108	1.000839	-0.113203	
315	0.999814	-0.000227	0.537614	0.000227	0.999814	0.431094	
316	1.000408	-0.000180	-0.135714	0.000180	1.000408	-0.409329	
317	1.000013	-0.000106	0.360964	0.000106	1.000013	-0.161671	
318	1.000327	-0.000106	0.341380	0.000106	1.000327	-0.265324	
319	0.999691	-0.000370	0.442754	0.000370	0.999691	0.151548	
320	1.000132	-0.000243	-0.347781	0.000243	1.000132	-0.221933	
321	0.999888	0.000038	-0.005867	-0.000038	0.999888	0.279246	
322	1.000268	0.000173	-0.221453	-0.000173	1.000268	0.199709	
323	0.999794	0.000120	0.824664	-0.000120	0.999794	0.488367	
324	1.000442	0.000162	0.164388	-0.000162	1.000442	0.052006	
325	0.999862	0.000292	0.288109	-0.000292	0.999862	0.890982	
326	1.000323	0.000079	0.568627	-0.000079	1.000323	-0.298123	
327	0.999955	0.000060	0.758867	-0.000060	0.999955	0.553597	
328	1.000703	-0.000094	0.262913	0.000094	1.000703	-0.490439	
329	1.000194	0.000000	0.520167	-0.000000	1.000194	0.701537	
330	1.000701	-0.000073	-0.123105	0.000073	1.000701	-0.436917	
331	0.999971	0.000094	1.012074	-0.000094	0.999971	0.099066	
332	1.000672	0.000060	-0.495097	-0.000060	1.000672	-0.870263	
333	0.999930	0.000106	0.248487	-0.000106	0.999930	0.034377	
334	1.000608	0.000398	-0.422703	-0.000398	1.000608	-0.120447	
335	0.999858	0.000030	0.463725	-0.000030	0.999858	-0.062260	
336	1.000511	0.000138	-0.113866	-0.000138	1.000511	-0.351855	
337	0.999964	-0.000021	0.907553	0.000021	0.999964	-0.105330	
338	1.000454	0.000158	0.075918	-0.000158	1.000454	0.387438	
339	0.999522	-0.000431	1.234330	0.000431	0.999522	0.457944	
340	1.000672	0.000226	0.408938	-0.000226	1.000672	0.285871	
341	0.999975	-0.000010	0.412216	0.000010	0.999975	0.876235	
342	1.000503	0.000257	-0.244029	-0.000257	1.000503	0.106533	
343	0.999838	0.000109	1.789238	-0.000109	0.999838	0.810681	
344	1.000483	0.000046	0.192288	-0.000046	1.000483	-0.515841	
345	0.999822	0.000194	0.684594	-0.000194	0.999822	0.274374	
346	1.000608	-0.000092	0.026450	0.000092	1.000608	-0.240416	
347	0.999876	-0.000020	0.988318	0.000020	0.999876	0.154965	
348	1.000294	0.000082	-0.193143	-0.000082	1.000294	0.029597	
349	0.999901	-0.000123	1.167093	0.000123	0.999901	0.228726	
350	1.000450	-0.000384	0.059570	0.000384	1.000450	-0.120106	
351	1.000042	-0.000316	0.128975	0.000316	1.000042	0.251289	
352	1.000058	0.000110	0.420632	-0.000110	1.000058	0.366114	
353	0.999946	-0.000295	0.881274	0.000295	0.999946	0.550206	
354	1.000047	0.000199	0.387067	-0.000199	1.000047	0.356565	
355	1.000026	0.000006	0.900074	-0.000006	1.000026	0.229699	
356	0.999938	0.000108	0.145439	-0.000108	0.999938	0.125030	
357	0.999939	0.000096	0.111723	-0.000096	0.999939	0.166548	
358	1.000023	0.000271	0.768610	-0.000271	1.000023	0.332764	
359	1.000012	0.000251	0.305613	-0.000251	1.000012	0.407629	
360	0.999947	0.000536	0.439194	-0.000536	0.999947	0.126099	
361	0.999891	0.000204	0.969620	-0.000204	0.999891	-0.201843	
362	1.000070	-0.000179	0.471815	0.000179	1.000070	0.026892	
363	0.999504	0.000157	1.046148	-0.000157	0.999504	0.771759	
364	1.000260	-0.000024	0.931729	0.000024	1.000260	0.102580	
365	0.999540	-0.000239	1.565059	0.000239	0.999540	0.298475	
366	1.000136	0.000159	0.066714	-0.000159	1.000136	0.271109	
367	0.999643	0.000005	1.035446	-0.000005	0.999643	0.631657	
368	1.000119	-0.000126	0.576294	0.000126	1.000119	-0.168555	
369	0.999585	-0.000217	1.383576	0.000217	0.999585	0.088875	
370	1.000434	0.000198	-0.227358	-0.000198	1.000434	-0.461227	
371	0.999738	-0.000103	1.327867	0.000103	0.999738	-0.278693	
372	1.000051	-0.000037	0.559727	0.000037	1.000051	0.006758	
373	0.999467	0.000150	0.855078	-0.000150	0.999467	0.417586	
374	1.000279	0.000156	0.857172	-0.000156	1.000279	0.029654	
375	0.999594	0.000106	0.685638	-0.000106	0.999594	0.164994	
376	1.000194	0.000241	0.246141	-0.000241	1.000194	-0.151586	
377	0.999405	-0.000168	1.120311	0.000168	0.999405	-0.196819	
378	0.999983	0.000165	-0.033606	-0.000165	0.999983	0.114925	
379	0.999964	-0.000163	0.416005	0.000163	0.999964	0.052341	
380	0.999959	-0.000195	0.681528	0.000195	0.999959	-0.011582	
381	0.999257	-0.000086	1.283459	0.000086	0.999257	0.152313	
382	1.000044	-0.000308	0.591913	0.000308	1.000044	-0.551983	
383	0.999782	-0.000101	0.235927	0.000101	0.999782	-0.063937	
384	1.000108	0.000181	0.306923	-0.000181	1.000108	-0.290386	
385	0.999783	0.000006	0.528861	-0.000006	0.999783	0.324956	
386	1.000009	-0.000162	0.891507	0.000162	1.000009	-0.446603	
387	0.999475	-0.000233	1.344642	0.000233	0.999475	-0.267718	
388	1.000176	-0.000000	0.203144	0.000000	1.000176	-0.191847	
389	0.999435	-0.000333	1.306156	0.000333	0.999435	-0.193456	
390	1.000125	0.000041	0.370914	-0.000041	1.000125	0.151537	
391	0.999347	-0.000089	1.168891	0.000089	0.999347	-0.039038	
392	1.000166	0.000167	0.088102	-0.000167	1.000166	-0.343999	
393	0.999728	-0.000001	0.945300	0.000001	0.999728	-0.573328	
394	1.000603	0.000197	-0.262771	-0.000197	1.000603	-0.398682	
395	0.999523	-0.000260	1.068671	0.000260	0.999523	0.206967	
396	0.999935	-0.000213	0.254845	0.000213	0.999935	0.086699	
397	0.999882	0.000103	0.225584	-0.000103	0.999882	0.500139	
398	0.999883	0.000014	0.307847	-0.000014	0.999883	0.078352	
399	0.999523	0.000067	0.807903	-0.000067	0.999523	0.332964	
400	0.999866	0.000198	0.334896	-0.000198	0.999866	0.245912	
401	0.999689	0.000430	1.025540	-0.000430	0.999689	0.201268	
402	1.000160	0.000457	-0.254734	-0.000457	1.000160	-0.177285	
403	0.999621	0.000122	-0.325864	-0.000122	0.999621	-0.700521	
404	1.000188	0.000116	-1.024795	-0.000116	1.000188	-0.021046	
405	0.999827	0.000479	1.658824	-0.000479	0.999827	1.083940	
406	1.000190	0.000590	0.243294	-0.000590	1.000190	1.582112	
407	0.999263	0.000220	0.450211	-0.000220	0.999263	0.786311	
408	1.000545	0.001213	-1.561455	-0.001213	1.000545	1.579811	
409	0.999485	0.000367	0.371151	-0.000367	0.999485	0.637007	
410	1.000194	0.001375	-2.434271	-0.001375	1.000194	1.771533	
411	0.999983	0.000908	-5.050592	-0.000908	0.999983	-1.385873	
412	1.000658	-0.000186	-6.425903	0.000186	1.000658	-1.686662	
413	0.999873	0.001143	-1.045465	-0.001143	0.999873	0.319299	
414	1.000479	0.000553	2.167203	-0.000553	1.000479	1.011914	
415	0.999586	0.002143	5.295230	-0.002143	0.999586	4.635903	
416	1.000595	0.000290	1.785265	-0.000290	1.000595	1.198517	
417	0.999444	0.000905	0.335894	-0.000905	0.999444	1.712941	
418	1.000600	0.002795	-0.496238	-0.002795	1.000600	3.648243	
419	1.000026	0.000911	2.236909	-0.000911	1.000026	1.401982	
420	1.000230	-0.000530	-0.332763	0.000530	1.000230	-0.756583	
421	0.999965	0.000667	-0.978660	-0.000667	0.999965	2.593514	
422	1.000361	0.001140	0.793800	-0.001140	1.000361	2.825674	
423	0.999751	0.000879	0.490833	-0.000879	0.999751	2.761013	
424	1.000426	0.001627	-0.083806	-0.001627	1.000426	2.510350	
425	0.999737	0.001791	1.567102	-0.001791	0.999737	2.394296	
426	1.000410	0.002295	-0.094256	-0.002295	1.000410	2.234194	
427	0.999623	0.001830	0.235706	-0.001830	0.999623	1.681317	
428	1.000428	0.002548	-1.747161	-0.002548	1.000428	1.498686	
