0	1.000000	0.000000	0.000000	0.000000	1.000000	0.000000	
1	1.002377	0.000501	-1.899470	-0.000501	1.002377	5.943354	
2	1.002142	0.000218	-1.382896	-0.000218	1.002142	5.390403	
3	1.001975	0.000377	-0.860416	-0.000377	1.001975	5.327606	
4	1.003015	0.000221	-1.678057	-0.000221	1.003015	4.615442	
5	1.001902	-0.000521	-1.110406	0.000521	1.001902	3.489214	
6	1.001808	0.000772	-0.331086	-0.000772	1.001808	5.079327	
7	1.001658	0.000929	0.952817	-0.000929	1.001658	0.824525	
8	1.002025	0.000886	1.629378	-0.000886	1.002025	3.434736	
9	1.001927	0.000545	2.577614	-0.000545	1.001927	2.480612	
10	1.001761	0.001103	2.904387	-0.001103	1.001761	4.344813	
11	1.001196	0.001475	4.110358	-0.001475	1.001196	5.987095	
12	1.001565	0.001071	3.106976	-0.001071	1.001565	3.558278	
13	1.003270	0.000357	1.152663	-0.000357	1.003270	3.522793	
14	1.001573	0.000038	2.092883	-0.000038	1.001573	4.392156	
15	1.001493	0.000253	0.889632	-0.000253	1.001493	3.658162	
16	1.001420	-0.000260	0.894846	0.000260	1.001420	3.304052	
17	1.001762	-0.001123	0.194177	0.001123	1.001762	2.094264	
18	1.001443	-0.001141	-0.175432	0.001141	1.001443	2.078545	
19	1.001577	-0.000948	-0.198979	0.000948	1.001577	2.430100	
20	1.001752	-0.001436	-0.734220	0.001436	1.001752	1.085723	
21	1.001533	-0.001457	-0.317352	0.001457	1.001533	1.903383	
22	1.001825	-0.001336	-1.698016	0.001336	1.001825	1.925512	
23	1.001877	-0.001764	-2.648987	0.001764	1.001877	-0.218722	
24	1.002152	-0.000713	-3.886726	0.000713	1.002152	0.384814	
25	1.002013	-0.001004	-4.510989	0.001004	1.002013	-0.297552	
26	1.001919	-0.001492	-4.411665	0.001492	1.001919	-3.264825	
27	1.002330	-0.001335	-5.806824	0.001335	1.002330	-4.374208	
28	1.001956	-0.000533	-4.867376	0.000533	1.001956	-2.069283	
29	1.002108	-0.001144	-6.047017	0.001144	1.002108	-2.685601	
30	1.002115	-0.001237	-7.046354	0.001237	1.002115	-2.790946	
31	1.002407	-0.001495	-7.859504	0.001495	1.002407	-4.319005	
32	1.002744	-0.000626	-8.794398	0.000626	1.002744	-2.744132	
33	1.002536	-0.000316	-8.236501	0.000316	1.002536	-2.668773	
34	1.002707	-0.000403	-7.456905	0.000403	1.002707	-3.273445	
35	1.002627	0.000043	-6.972153	-0.000043	1.002627	-3.044179	
36	1.002697	-0.000261	-6.109365	0.000261	1.002697	-2.848231	
37	1.002263	0.000293	-4.878501	-0.000293	1.002263	-1.874283	
38	1.002265	0.000767	-3.642124	-0.000767	1.002265	-2.103570	
39	1.003089	0.000985	-3.848219	-0.000985	1.003089	-1.951080	
40	1.002368	0.000238	-2.409354	-0.000238	1.002368	-0.993260	
41	1.002395	0.000560	-2.486864	-0.000560	1.002395	0.691722	
42	1.003012	0.001104	-2.693517	-0.001104	1.003012	-0.551367	
43	1.001783	0.000509	-1.853603	-0.000509	1.001783	2.975547	
44	1.001364	0.000871	0.093117	-0.000871	1.001364	1.113679	
45	1.001779	0.000932	-0.118732	-0.000932	1.001779	-1.330224	
46	1.002009	0.002039	2.577822	-0.002039	1.002009	1.674136	
47	1.002758	0.002260	4.583120	-0.002260	1.002758	0.337472	
48	1.003634	0.002285	4.825758	-0.002285	1.003634	1.105604	
49	1.002654	0.001838	5.681190	-0.001838	1.002654	0.565775	
50	1.002809	0.001732	4.707391	-0.001732	1.002809	-0.812315	
51	1.002819	0.001163	3.694056	-0.001163	1.002819	-0.397983	
52	1.002409	0.000336	3.936293	-0.000336	1.002409	-0.450831	
53	1.002762	-0.000170	3.137928	0.000170	1.002762	-1.008249	
54	1.003118	-0.001275	3.022262	0.001275	1.003118	-1.485352	
55	1.002730	-0.001153	2.771483	0.001153	1.002730	-1.010077	
56	1.002702	-0.001163	2.347810	0.001163	1.002702	-1.565834	
57	1.002520	-0.001755	1.640349	0.001755	1.002520	-1.591411	
58	1.002618	-0.002130	1.462163	0.002130	1.002618	-1.613911	
59	1.001902	-0.002562	1.603771	0.002562	1.001902	-0.626491	
60	1.001513	-0.003009	0.045078	0.003009	1.001513	-1.007902	
61	1.001493	-0.003006	-2.896247	0.003006	1.001493	-2.752921	
62	1.000978	-0.003115	-4.507640	0.003115	1.000978	0.838885	
63	1.000593	-0.002313	-3.974173	0.002313	1.000593	-0.106635	
64	1.001174	-0.002587	-6.091753	0.002587	1.001174	-4.672234	
65	1.000838	-0.002935	-5.923296	0.002935	1.000838	-3.733635	
66	0.999847	-0.002798	-7.113709	0.002798	0.999847	-2.544967	
67	1.000871	-0.002643	-9.635692	0.002643	1.000871	-3.393837	
68	1.001598	-0.001872	-8.740604	0.001872	1.001598	-2.947034	
69	1.001952	-0.001930	-8.581186	0.001930	1.001952	-3.098512	
70	1.001859	-0.001490	-7.434979	0.001490	1.001859	-3.296355	
71	1.002132	-0.001029	-6.041130	0.001029	1.002132	-3.056004	
72	1.001754	-0.000540	-4.976867	0.000540	1.001754	-1.772800	
73	1.001775	-0.000460	-4.480415	0.000460	1.001775	-2.607685	
74	1.001907	-0.000374	-4.022435	0.000374	1.001907	-2.631528	
75	1.002115	0.000486	-3.315824	-0.000486	1.002115	-1.748749	
76	1.002097	0.000243	-2.544234	-0.000243	1.002097	-1.779086	
77	1.002009	0.000497	-2.338904	-0.000497	1.002009	-0.105593	
78	1.001960	0.001369	-2.310480	-0.001369	1.001960	-0.198250	
79	1.002740	0.001091	-1.595912	-0.001091	1.002740	-1.720212	
80	1.002362	0.000011	0.018706	-0.000011	1.002362	-0.057964	
81	1.002187	0.000284	1.523688	-0.000284	1.002187	1.468247	
82	1.002317	0.000937	3.034122	-0.000937	1.002317	-1.250077	
83	1.002575	-0.000228	3.636846	0.000228	1.002575	-3.249875	
84	1.002581	-0.000044	4.663709	0.000044	1.002581	-1.523275	
85	1.002997	-0.001325	5.415449	0.001325	1.002997	-3.644539	
86	1.004241	-0.001217	4.724552	0.001217	1.004241	-3.314729	
87	1.002283	-0.000890	6.991538	0.000890	1.002283	-3.228511	
88	1.002685	-0.000977	6.277820	0.000977	1.002685	-4.951011	
89	1.002675	-0.001211	6.619175	0.001211	1.002675	-3.320973	
90	1.002600	-0.001506	6.540173	0.001506	1.002600	-3.801959	
91	1.001556	-0.000989	7.207147	0.000989	1.001556	-2.694379	
92	1.001681	-0.001051	8.858513	0.001051	1.001681	-2.920611	
93	1.000814	0.000436	15.776512	-0.000436	1.000814	-0.391093	
94	1.002036	-0.000219	16.534204	0.000219	1.002036	-1.394042	
95	1.001781	-0.001341	10.593822	0.001341	1.001781	-1.495284	
96	1.002239	-0.000763	11.945018	0.000763	1.002239	-0.905346	
97	1.004112	-0.000265	7.038306	0.000265	1.004112	-0.350050	
98	1.003244	-0.001016	7.505036	0.001016	1.003244	-0.064967	
99	1.002751	-0.001944	6.858395	0.001944	1.002751	-1.844597	
100	1.002237	-0.001806	7.111502	0.001806	1.002237	-0.427359	
101	1.002280	-0.000550	7.769828	0.000550	1.002280	-0.128527	
102	1.001985	-0.000450	8.421738	0.000450	1.001985	-1.705266	
103	1.002845	-0.000760	7.757421	0.000760	1.002845	-2.785573	
104	1.003539	-0.000481	6.210482	0.000481	1.003539	-3.127816	
105	1.002261	0.000026	6.571951	-0.000026	1.002261	-0.752419	
106	1.002145	-0.000119	5.617977	0.000119	1.002145	-2.491120	
107	1.002662	0.000853	4.543588	-0.000853	1.002662	-3.066548	
108	1.001952	0.001637	4.568105	-0.001637	1.001952	-0.921431	
109	1.002219	0.002080	4.198922	-0.002080	1.002219	-0.487043	
110	1.002161	0.002525	5.039424	-0.002525	1.002161	-0.005492	
111	1.002107	0.003320	5.538657	-0.003320	1.002107	1.401721	
112	1.002092	0.003057	6.195416	-0.003057	1.002092	1.053309	
113	1.002537	0.002943	5.873504	-0.002943	1.002537	1.024332	
114	1.002003	0.003134	7.274869	-0.003134	1.002003	2.295466	
115	1.001369	0.003416	7.774700	-0.003416	1.001369	3.568902	
116	1.002174	0.003296	7.019871	-0.003296	1.002174	3.321880	
117	1.001451	0.002677	8.682957	-0.002677	1.001451	0.821741	
118	1.001140	0.001442	9.575442	-0.001442	1.001140	1.386802	
119	1.000644	0.001542	10.703964	-0.001542	1.000644	4.106098	
120	1.001578	0.002190	9.851995	-0.002190	1.001578	-1.240455	
121	1.001161	0.001792	9.929223	-0.001792	1.001161	-0.729386	
122	1.001106	0.001237	12.946420	-0.001237	1.001106	0.042269	
123	1.001336	0.000114	14.845898	-0.000114	1.001336	0.397261	
124	1.001788	0.000588	12.471312	-0.000588	1.001788	0.479738	
125	1.001617	0.000012	11.179740	-0.000012	1.001617	-1.677329	
126	1.001673	-0.000625	10.331172	0.000625	1.001673	-2.360722	
127	1.002477	-0.001150	8.761867	0.001150	1.002477	-2.004540	
128	1.001600	-0.000290	8.857051	0.000290	1.001600	-1.292746	
129	1.001627	-0.000327	6.464937	0.000327	1.001627	-0.967538	
130	1.001449	-0.000809	5.384890	0.000809	1.001449	0.181216	
131	1.001621	-0.000384	4.687260	0.000384	1.001621	0.432893	
132	1.003217	0.000040	1.984748	-0.000040	1.003217	1.081588	
133	1.001435	0.000537	3.597391	-0.000537	1.001435	2.772353	
134	1.001049	0.000317	2.694403	-0.000317	1.001049	3.577948	
135	1.001447	0.000766	1.542268	-0.000766	1.001447	3.705310	
136	1.001708	0.001619	-0.726147	-0.001619	1.001708	2.923003	
137	1.001326	0.000833	-0.417403	-0.000833	1.001326	5.791331	
138	1.001395	-0.000343	-2.155421	0.000343	1.001395	2.481066	
139	1.001156	-0.000114	-2.008990	0.000114	1.001156	-0.581955	
140	1.001435	0.001064	-4.048607	-0.001064	1.001435	1.219951	
141	1.001455	0.000520	-6.507954	-0.000520	1.001455	2.437257	
142	1.001705	-0.000692	-9.373126	0.000692	1.001705	1.066579	
143	1.001873	-0.000659	-10.735567	0.000659	1.001873	-1.558736	
144	1.001914	-0.000092	-10.992571	0.000092	1.001914	-0.213524	
145	1.002164	0.000256	-10.119423	-0.000256	1.002164	-0.039195	
146	1.001968	-0.000014	-7.264510	0.000014	1.001968	-0.150379	
147	1.002058	0.001513	-6.838807	-0.001513	1.002058	1.556745	
148	1.001968	0.001480	-6.003306	-0.001480	1.001968	2.373233	
149	1.001822	0.001416	-5.252149	-0.001416	1.001822	1.848930	
150	1.001604	0.001959	-4.158296	-0.001959	1.001604	1.874371	
151	1.001504	0.002969	-3.800109	-0.002969	1.001504	2.511196	
152	1.001503	0.002869	-3.217889	-0.002869	1.001503	3.509976	
153	1.001153	0.002673	-2.392762	-0.002673	1.001153	3.381602	
154	1.001955	0.004147	-3.143776	-0.004147	1.001955	1.815170	
155	1.001535	0.003026	-2.818506	-0.003026	1.001535	3.774850	
156	1.001198	0.002238	-1.837986	-0.002238	1.001198	3.633638	
157	1.001573	0.002367	-1.868369	-0.002367	1.001573	-1.054913	
158	1.001813	0.002208	-1.231528	-0.002208	1.001813	-0.373328	
159	1.001605	0.001593	-0.471819	-0.001593	1.001605	-1.106524	
160	1.001660	0.001138	1.117293	-0.001138	1.001660	-0.539867	
161	1.001785	0.001103	2.244835	-0.001103	1.001785	-0.287867	
162	1.001651	0.000381	3.193158	-0.000381	1.001651	-2.092813	
163	1.001712	-0.000155	3.539173	0.000155	1.001712	-2.730657	
164	1.001461	-0.000485	4.212927	0.000485	1.001461	-2.196322	
165	1.001548	-0.000189	4.991061	0.000189	1.001548	-1.390970	
166	1.001541	-0.000511	4.231324	0.000511	1.001541	-2.176093	
167	1.001695	-0.001013	4.201359	0.001013	1.001695	-3.080060	
168	1.001646	-0.000875	3.697108	0.000875	1.001646	-1.633392	
169	1.001892	-0.000830	3.064511	0.000830	1.001892	-1.686192	
170	1.001566	-0.001292	3.108266	0.001292	1.001566	-0.078267	
171	1.001550	-0.000802	3.868938	0.000802	1.001550	1.002389	
172	1.001926	-0.001409	2.160307	0.001409	1.001926	-0.072915	
173	1.001909	-0.001283	0.076881	0.001283	1.001909	-0.281712	
174	1.001867	-0.002197	0.751853	0.002197	1.001867	0.571009	
175	1.001640	-0.002720	-0.234203	0.002720	1.001640	-0.818923	
176	1.001874	-0.003090	-1.070739	0.003090	1.001874	-4.226122	
177	1.001975	-0.002220	-2.290703	0.002220	1.001975	-2.101832	
178	1.001617	-0.001509	-2.747153	0.001509	1.001617	0.031688	
179	1.002031	-0.001999	-4.092202	0.001999	1.002031	0.013906	
180	1.001784	-0.002068	-3.680838	0.002068	1.001784	-0.998470	
181	1.002227	-0.000452	-4.165086	0.000452	1.002227	0.411070	
182	1.001894	-0.000236	-3.153366	0.000236	1.001894	1.677390	
183	1.001930	0.000036	-2.197582	-0.000036	1.001930	1.340980	
184	1.001719	0.001077	-1.448065	-0.001077	1.001719	2.998355	
185	1.001847	0.001415	-0.376517	-0.001415	1.001847	4.118786	
186	1.001669	0.001779	-0.515350	-0.001779	1.001669	4.770884	
187	1.001728	0.001907	-0.290445	-0.001907	1.001728	4.689055	
188	1.001652	0.001893	-0.328499	-0.001893	1.001652	5.296838	
189	1.001345	0.001694	-0.237102	-0.001694	1.001345	6.702232	
190	1.001864	0.001375	-0.225472	-0.001375	1.001864	2.878497	
191	1.001476	0.001006	0.995690	-0.001006	1.001476	2.794860	
192	1.001078	-0.000384	4.645074	0.000384	1.001078	3.761931	
193	1.001351	-0.000196	4.793789	0.000196	1.001351	-0.191248	
194	1.002216	-0.000261	4.372285	0.000261	1.002216	-2.741340	
195	1.002097	0.000032	3.756097	-0.000032	1.002097	-1.993257	
196	1.001838	-0.001041	5.808522	0.001041	1.001838	-1.605605	
197	1.003452	-0.000866	5.959873	0.000866	1.003452	-0.586610	
198	1.001882	-0.000690	7.427418	0.000690	1.001882	-1.864740	
199	1.001874	-0.001589	7.185022	0.001589	1.001874	-3.301800	
200	1.001729	-0.002108	7.033778	0.002108	1.001729	-3.125329	
201	1.001879	-0.001824	6.929376	0.001824	1.001879	-2.370149	
202	1.001927	-0.000970	5.333382	0.000970	1.001927	-1.942985	
203	1.002219	-0.001166	4.684960	0.001166	1.002219	-2.681456	
204	1.002319	-0.000917	4.085399	0.000917	1.002319	-2.029017	
205	1.002615	-0.000041	3.362869	0.000041	1.002615	-1.146708	
206	1.003090	-0.000886	1.917594	0.000886	1.003090	-2.054791	
207	1.004176	-0.000108	-0.183051	0.000108	1.004176	-1.676522	
208	1.004235	0.000077	-0.581580	-0.000077	1.004235	-0.452529	
209	1.004294	-0.000220	-0.980237	0.000220	1.004294	-2.005970	
210	1.003758	0.000027	-2.426152	-0.000027	1.003758	-2.783225	
211	1.003069	-0.000591	0.247246	0.000591	1.003069	2.535421	
212	1.002236	-0.001315	-1.025994	0.001315	1.002236	-3.007791	
213	1.002459	-0.001682	-1.643639	0.001682	1.002459	-3.999090	
214	1.002252	-0.001042	-2.397079	0.001042	1.002252	-1.418929	
215	1.002200	-0.000630	-3.422287	0.000630	1.002200	-1.575914	
216	1.002312	-0.001003	-4.667355	0.001003	1.002312	-2.310683	
217	1.002272	-0.000969	-4.555304	0.000969	1.002272	-3.623953	
218	1.002277	-0.000489	-5.166864	0.000489	1.002277	-3.122655	
219	1.002448	0.000917	-5.654612	-0.000917	1.002448	-2.023407	
220	1.001974	0.000253	-4.401582	-0.000253	1.001974	-1.884504	
221	1.002556	0.001114	-6.413699	-0.001114	1.002556	-1.567844	
222	1.002250	0.002036	-3.710828	-0.002036	1.002250	0.721755	
223	1.002147	0.001448	-3.438481	-0.001448	1.002147	0.188121	
224	1.002186	0.001479	-4.349733	-0.001479	1.002186	-0.187520	
225	1.002022	0.001178	-3.963031	-0.001178	1.002022	1.746920	
226	1.001893	0.001485	-4.463366	-0.001485	1.001893	2.875277	
227	1.001974	0.001730	-3.760831	-0.001730	1.001974	2.175673	
228	1.001922	0.001038	-3.290959	-0.001038	1.001922	1.295632	
229	1.001236	0.000402	0.600675	-0.000402	1.001236	3.086704	
230	1.001308	0.000607	0.628614	-0.000607	1.001308	-0.043724	
231	1.001048	0.000668	1.890686	-0.000668	1.001048	-1.594010	
232	1.000832	0.000453	3.921330	-0.000453	1.000832	-0.764014	
233	1.001307	0.000481	5.406558	-0.000481	1.001307	-0.426410	
234	1.000413	0.000425	7.792630	-0.000425	1.000413	1.538098	
235	1.000943	0.000030	7.453279	-0.000030	1.000943	-0.166235	
236	1.001904	-0.000866	6.457169	0.000866	1.001904	-1.826692	
237	1.001947	-0.001170	5.355873	0.001170	1.001947	-1.476540	
238	1.001449	-0.001117	3.328948	0.001117	1.001449	-1.984493	
239	1.001818	-0.000912	1.506350	0.000912	1.001818	-1.601396	
240	1.002034	-0.001309	-0.532954	0.001309	1.002034	-2.161703	
241	1.001523	-0.000750	-1.444458	0.000750	1.001523	-1.109311	
242	1.001758	-0.000651	-1.127110	0.000651	1.001758	-1.778285	
243	1.001825	-0.000142	-1.059142	0.000142	1.001825	-1.428807	
244	1.001808	0.000540	-0.905207	-0.000540	1.001808	0.797426	
245	1.001688	-0.000182	-1.022145	0.000182	1.001688	1.236323	
246	1.002262	-0.000138	-2.434149	0.000138	1.002262	-1.101828	
247	1.003322	0.000457	-4.018773	-0.000457	1.003322	0.601943	
248	1.001626	-0.001698	-2.475452	0.001698	1.001626	2.770588	
249	1.001945	-0.001656	-3.378522	0.001656	1.001945	-4.293191	
250	1.002098	-0.001791	-4.094041	0.001791	1.002098	-2.593790	
251	1.002338	-0.000316	-7.061433	0.000316	1.002338	-1.363653	
252	1.002895	-0.000616	-10.493087	0.000616	1.002895	0.125740	
253	1.002943	-0.001482	-11.719706	0.001482	1.002943	-1.458917	
254	1.003026	0.000101	-9.702214	-0.000101	1.003026	-1.224269	
255	1.002716	0.000262	-8.955337	-0.000262	1.002716	0.611113	
256	1.003005	0.001116	-9.076909	-0.001116	1.003005	0.048426	
257	1.002689	0.001200	-8.657792	-0.001200	1.002689	0.700525	
258	1.002546	0.001725	-7.620654	-0.001725	1.002546	2.471791	
259	1.002242	0.001469	-6.666898	-0.001469	1.002242	2.195662	
260	1.002536	0.001728	-6.786255	-0.001728	1.002536	2.794814	
261	1.002455	0.002115	-5.779013	-0.002115	1.002455	3.329521	
262	1.002378	0.001988	-5.233092	-0.001988	1.002378	3.206875	
263	1.002383	0.001901	-4.064591	-0.001901	1.002383	3.974306	
264	1.002891	0.002192	-4.965022	-0.002192	1.002891	0.901399	
265	1.002720	0.001588	-4.126276	-0.001588	1.002720	3.275222	
266	1.002563	0.001257	-2.788042	-0.001257	1.002563	3.363638	
267	1.002793	0.001091	-4.279699	-0.001091	1.002793	-0.718228	
268	1.002433	0.001492	-3.103975	-0.001492	1.002433	1.146601	
269	1.002463	0.001292	-2.278866	-0.001292	1.002463	0.230496	
270	1.002474	0.001316	-1.440615	-0.001316	1.002474	0.148701	
271	1.002320	0.000713	-0.345415	-0.000713	1.002320	-1.203396	
272	1.002732	0.000522	-1.110941	-0.000522	1.002732	-2.938368	
273	1.002654	0.000408	-0.926606	-0.000408	1.002654	-2.166126	
274	1.002365	0.000253	-0.661474	-0.000253	1.002365	-2.165950	
275	1.002295	-0.000134	-0.610361	0.000134	1.002295	-2.265486	
276	1.002275	-0.000163	-0.692057	0.000163	1.002275	-1.521613	
277	1.002154	-0.000541	-0.906749	0.000541	1.002154	-1.616204	
278	1.002703	-0.001309	0.076690	0.001309	1.002703	-2.807467	
279	1.002325	-0.000960	0.576297	0.000960	1.002325	-2.513578	
280	1.002066	-0.000570	1.184021	0.000570	1.002066	-0.888690	
281	1.002548	-0.001165	0.913994	0.001165	1.002548	-2.112857	
282	1.002710	-0.001358	0.398194	0.001358	1.002710	-3.681988	
283	1.002857	-0.001944	-1.362775	0.001944	1.002857	-3.813851	
284	1.002205	-0.001858	1.565772	0.001858	1.002205	-0.870732	
285	1.002330	-0.001799	-0.216774	0.001799	1.002330	-7.476509	
286	1.002857	-0.001223	-1.355653	0.001223	1.002857	-5.950945	
287	1.002547	-0.001585	-0.062790	0.001585	1.002547	-6.002369	
288	1.002639	-0.001089	-0.757728	0.001089	1.002639	-4.657368	
289	1.002481	-0.000626	-0.207759	0.000626	1.002481	-3.891036	
290	1.002869	-0.000991	-1.749063	0.000991	1.002869	-5.662108	
291	1.002022	-0.000500	-1.531165	0.000500	1.002022	-3.618214	
292	1.002408	-0.000153	-1.347374	0.000153	1.002408	-2.490762	
293	1.002366	0.000473	-0.110965	-0.000473	1.002366	-1.211613	
294	1.002445	0.000592	0.669164	-0.000592	1.002445	-1.328862	
295	1.002557	0.000305	1.000754	-0.000305	1.002557	-1.722738	
296	1.002515	0.000189	1.662526	-0.000189	1.002515	-2.164924	
297	1.002548	0.000107	2.439553	-0.000107	1.002548	-1.290571	
298	1.002021	0.000274	2.959689	-0.000274	1.002021	-0.439017	
299	1.002156	-0.000286	3.221429	0.000286	1.002156	-2.073350	
300	1.007404	-0.000384	-3.152403	0.000384	1.007404	-4.432873	
301	1.003049	-0.000582	3.589666	0.000582	1.003049	-1.374303	
302	1.003073	-0.000825	4.902911	0.000825	1.003073	-4.053818	
303	1.005592	-0.000311	3.048879	0.000311	1.005592	-6.390604	
304	1.003417	0.000405	5.248087	-0.000405	1.003417	-4.778700	
305	1.000680	0.000098	7.142768	-0.000098	1.000680	-3.258775	
306	1.002459	-0.000108	7.145346	0.000108	1.002459	-3.437677	
307	1.001720	0.000174	8.669944	-0.000174	1.001720	-2.021391	
308	1.002710	0.000824	8.143174	-0.000824	1.002710	-2.036410	
309	1.001905	0.000368	9.560709	-0.000368	1.001905	-1.298428	
310	1.002996	0.000339	8.468127	-0.000339	1.002996	-1.906448	
311	1.002491	-0.000388	9.189410	0.000388	1.002491	-2.347891	
312	1.002338	-0.000100	9.274589	0.000100	1.002338	-1.752114	
313	1.000680	0.000506	10.258572	-0.000506	1.000680	0.556765	
314	0.997378	0.000137	13.399370	-0.000137	0.997378	2.198095	
315	1.000445	0.000620	11.423064	-0.000620	1.000445	1.889476	
316	0.999824	0.000414	10.966777	-0.000414	0.999824	3.656903	
317	1.000302	-0.000420	8.994915	0.000420	1.000302	3.000105	
318	1.001230	-0.000921	6.297511	0.000921	1.001230	0.447223	
319	1.001660	-0.000741	4.450447	0.000741	1.001660	2.820918	
320	1.001027	-0.001757	5.105647	0.001757	1.001027	2.432007	
321	1.001064	-0.000959	3.557741	0.000959	1.001064	-0.960378	
322	1.001740	-0.000476	2.640323	0.000476	1.001740	-0.128839	
323	1.001527	0.000056	1.756898	-0.000056	1.001527	0.923295	
324	1.001673	-0.000845	0.026848	0.000845	1.001673	0.001607	
325	1.002114	-0.001472	-2.758857	0.001472	1.002114	-2.187116	
326	1.002437	-0.000789	-3.163472	0.000789	1.002437	-1.690367	
327	1.003155	-0.000112	-5.515101	0.000112	1.003155	-1.104063	
328	1.003121	0.000608	-5.884052	-0.000608	1.003121	-0.224968	
329	1.003957	0.001031	-6.285971	-0.001031	1.003957	-1.264633	
330	1.004035	0.000821	-5.409023	-0.000821	1.004035	-1.061735	
331	1.003428	0.001261	-4.934072	-0.001261	1.003428	-0.030724	
332	1.002877	0.000921	-4.711110	-0.000921	1.002877	-0.297032	
333	1.003134	0.000360	-4.442042	-0.000360	1.003134	-1.039449	
334	1.002421	0.001306	-3.642911	-0.001306	1.002421	0.988668	
335	1.001825	0.000479	-1.804507	-0.000479	1.001825	2.264738	
336	1.002398	0.000746	-2.509791	-0.000746	1.002398	-0.450517	
337	1.002564	0.000953	-3.661094	-0.000953	1.002564	1.302327	
338	1.001568	0.000241	-1.361496	-0.000241	1.001568	4.016012	
339	1.002064	-0.000151	-2.146607	0.000151	1.002064	-2.240741	
340	1.001663	0.000560	-1.366678	-0.000560	1.001663	0.600774	
341	1.001642	0.000525	0.489320	-0.000525	1.001642	-0.397063	
342	1.001491	0.000942	1.989200	-0.000942	1.001491	1.180066	
343	1.001270	0.000871	2.623100	-0.000871	1.001270	0.383570	
344	1.001728	0.000232	2.027742	-0.000232	1.001728	-2.145963	
345	1.001521	-0.000539	1.887907	0.000539	1.001521	-1.094513	
346	1.000423	-0.000455	3.130986	0.000455	1.000423	-0.195155	
347	1.001786	-0.000140	1.557416	0.000140	1.001786	-1.193325	
348	1.001798	-0.000704	1.480366	0.000704	1.001798	-1.075579	
349	1.001630	-0.000546	1.378611	0.000546	1.001630	0.181380	
350	1.001538	-0.000358	1.633686	0.000358	1.001538	0.532456	
351	1.001687	-0.000652	1.049578	0.000652	1.001687	0.256677	
352	1.001542	-0.000454	0.474729	0.000454	1.001542	1.418965	
353	1.001684	-0.000643	0.167091	0.000643	1.001684	1.911719	
354	1.002271	-0.001272	-1.653310	0.001272	1.002271	0.168336	
355	1.002558	-0.000642	-3.262585	0.000642	1.002558	-1.291369	
356	1.001719	-0.000398	-1.381823	0.000398	1.001719	3.328838	
357	1.002132	-0.001592	-3.609413	0.001592	1.002132	-0.994442	
358	1.002790	-0.001773	-4.695956	0.001773	1.002790	-4.367898	
359	1.002524	-0.000658	-5.728663	0.000658	1.002524	-1.286147	
360	1.002631	-0.000365	-6.275233	0.000365	1.002631	-0.767357	
361	1.002733	-0.000952	-7.744551	0.000952	1.002733	-1.116583	
362	1.002904	-0.000524	-8.324293	0.000524	1.002904	-1.056630	
363	1.003244	0.000636	-10.027425	-0.000636	1.003244	-0.733670	
364	1.002595	0.001017	-9.420934	-0.001017	1.002595	0.380352	
365	1.003628	0.000913	-9.932534	-0.000913	1.003628	-1.422206	
366	1.003714	0.001977	-8.869987	-0.001977	1.003714	-1.244097	
367	1.003989	0.001916	-8.334977	-0.001916	1.003989	-1.344845	
368	1.004001	0.001973	-7.848003	-0.001973	1.004001	-2.099386	
369	1.004495	0.001387	-7.909243	-0.001387	1.004495	-2.665948	
370	1.004896	0.001007	-9.014722	-0.001007	1.004896	-2.463059	
371	1.004719	0.001207	-8.208460	-0.001207	1.004719	-0.407129	
372	1.004975	0.001517	-7.907384	-0.001517	1.004975	-2.789776	
373	1.006778	0.000952	-8.463340	-0.000952	1.006778	-3.813559	
374	1.003517	0.001199	-4.284604	-0.001199	1.003517	1.810307	
375	1.004443	0.001509	-3.809102	-0.001509	1.004443	-6.297261	
376	1.005342	0.001299	-3.637633	-0.001299	1.005342	-5.530239	
377	1.005538	0.000942	-3.227958	-0.000942	1.005538	-6.252264	
378	1.006528	0.000647	-2.947071	-0.000647	1.006528	-7.348128	
379	1.006423	0.000313	-2.631367	-0.000313	1.006423	-5.807860	
380	1.005342	-0.000111	-2.325801	0.000111	1.005342	-7.706962	
381	1.005076	-0.000744	-3.243545	0.000744	1.005076	-8.653983	
382	1.004799	-0.001083	-3.140553	0.001083	1.004799	-8.033782	
383	1.004726	-0.001057	-3.371794	0.001057	1.004726	-8.124807	
384	1.004133	-0.001077	-2.990440	0.001077	1.004133	-7.416042	
385	1.003783	-0.001218	-2.302517	0.001218	1.003783	-7.477826	
386	1.003880	-0.000899	-1.579185	0.000899	1.003880	-6.628290	
387	1.003655	-0.000154	-0.243996	0.000154	1.003655	-5.040217	
388	1.003979	0.000034	-0.123285	-0.000034	1.003979	-4.325528	
389	1.004081	0.000233	-0.005670	-0.000233	1.004081	-2.352949	
390	1.004108	-0.000295	-0.923392	0.000295	1.004108	-4.276143	
391	1.004708	-0.000919	-3.087408	0.000919	1.004708	-5.527453	
392	1.003586	-0.000020	-0.681198	0.000020	1.003586	-0.189052	
393	1.002754	-0.001535	-1.832403	0.001535	1.002754	-4.840574	
394	1.003853	-0.001669	-3.897815	0.001669	1.003853	-8.397934	
395	1.003179	-0.001195	-4.084839	0.001195	1.003179	-5.570405	
396	1.003299	-0.001084	-5.614995	0.001084	1.003299	-6.099899	
397	1.002805	-0.001739	-5.221864	0.001739	1.002805	-5.973021	
398	1.003180	-0.001395	-5.617571	0.001395	1.003180	-7.942268	
399	1.003392	-0.001053	-6.360417	0.001053	1.003392	-5.941165	
400	1.002699	-0.001126	-5.271105	0.001126	1.002699	-5.058473	
401	1.003094	-0.001063	-5.305577	0.001063	1.003094	-5.273277	
402	1.002605	-0.000043	-4.516561	0.000043	1.002605	-2.227477	
403	1.002447	0.000744	-3.993929	-0.000744	1.002447	-1.381800	
404	1.002191	0.000843	-3.222020	-0.000843	1.002191	-1.382389	
405	1.002540	0.000376	-2.424276	-0.000376	1.002540	-2.036914	
406	1.002285	0.000664	-2.251469	-0.000664	1.002285	-0.900363	
407	1.001866	0.000072	-1.575781	-0.000072	1.001866	-0.463370	
408	1.002568	0.000606	-2.262715	-0.000606	1.002568	-3.212900	
409	1.002297	-0.000269	-1.602879	0.000269	1.002297	-1.530134	
410	1.001034	-0.000342	2.830012	0.000342	1.001034	0.911189	
411	1.002430	0.000222	1.104941	-0.000222	1.002430	-5.923506	
412	1.002299	0.000820	1.635126	-0.000820	1.002299	-4.020490	
413	1.002392	0.000107	2.490147	-0.000107	1.002392	-3.506012	
414	1.002449	-0.000215	0.322538	0.000215	1.002449	-1.983984	
415	1.001783	-0.000409	0.314097	0.000409	1.001783	-0.104215	
416	1.002154	-0.000674	-0.212934	0.000674	1.002154	-2.184416	
417	1.001711	-0.001064	-0.290367	0.001064	1.001711	-1.359927	
418	1.001624	-0.000632	-0.062712	0.000632	1.001624	0.457887	
419	1.001763	-0.000604	-0.528330	0.000604	1.001763	1.520466	
420	1.001762	-0.000882	-0.565517	0.000882	1.001762	1.785009	
421	1.001650	-0.000976	0.102921	0.000976	1.001650	2.915902	
422	1.002032	-0.000465	-0.209551	0.000465	1.002032	3.665091	
423	1.002038	-0.000348	0.293961	0.000348	1.002038	4.060835	
424	1.002945	-0.000033	-1.628588	0.000033	1.002945	4.345715	
425	1.001435	0.000615	0.439486	-0.000615	1.001435	6.701937	
426	1.001753	0.000015	0.347416	-0.000015	1.001753	10.283276	
427	1.001858	-0.001120	-1.750116	0.001120	1.001858	5.833982	
428	1.001722	-0.000645	-3.271286	0.000645	1.001722	4.895818	
429	1.000983	-0.000377	-2.587486	0.000377	1.000983	8.450019	
430	1.001630	-0.000636	-4.726287	0.000636	1.001630	4.362453	
431	1.002230	-0.002322	-10.694267	0.002322	1.002230	3.569840	
432	1.003102	-0.000557	-12.047458	0.000557	1.003102	5.680647	
433	1.001656	-0.001502	-9.757765	0.001502	1.001656	3.901280	
434	1.001717	-0.001264	-12.224755	0.001264	1.001717	2.839154	
435	1.002163	-0.000243	-11.504163	0.000243	1.002163	1.662747	
436	1.001841	-0.000658	-8.556863	0.000658	1.001841	3.111337	
437	1.002423	-0.000231	-10.338646	0.000231	1.002423	4.361752	
438	1.002697	0.000932	-10.556525	-0.000932	1.002697	4.750954	
439	1.001291	0.001675	-8.332839	-0.001675	1.001291	6.848886	
440	1.001505	0.001732	-9.591908	-0.001732	1.001505	6.199360	
441	1.001075	0.001386	-8.577119	-0.001386	1.001075	6.215283	
442	1.002161	0.001295	-10.249941	-0.001295	1.002161	4.703207	
443	1.002159	0.001705	-9.634833	-0.001705	1.002159	5.787909	
444	1.001871	0.002042	-9.034260	-0.002042	1.001871	6.559101	
445	1.003189	0.002308	-10.715474	-0.002308	1.003189	2.346517	
446	1.003319	0.001613	-9.783974	-0.001613	1.003319	3.354437	
447	1.001332	0.001598	-5.981417	-0.001598	1.001332	4.590106	
448	1.002603	0.000352	-5.903027	-0.000352	1.002603	-0.906308	
449	1.005124	0.000424	-9.252723	-0.000424	1.005124	-3.082514	
450	1.004417	0.001055	-7.570727	-0.001055	1.004417	0.419281	
451	1.005354	0.000674	-8.575549	-0.000674	1.005354	-1.117521	
452	1.002718	0.000526	-3.787921	-0.000526	1.002718	1.295174	
453	1.003771	-0.000203	-5.335458	0.000203	1.003771	-2.387535	
454	1.003847	0.000039	-5.856073	-0.000039	1.003847	-2.295076	
455	1.003396	-0.000064	-4.121249	0.000064	1.003396	-1.932538	
456	1.002105	-0.000388	-2.191263	0.000388	1.002105	-2.923602	
457	1.001966	-0.000878	-1.552155	0.000878	1.001966	-3.646969	
458	1.002055	-0.001454	-2.466191	0.001454	1.002055	-4.347442	
459	1.002095	-0.001750	-2.763709	0.001750	1.002095	-3.868738	
460	1.001806	-0.001615	-2.151714	0.001615	1.001806	-3.308249	
461	1.002157	-0.001576	-3.109365	0.001576	1.002157	-3.750349	
462	1.002033	-0.001103	-2.164395	0.001103	1.002033	-1.314277	
463	1.002092	-0.001088	-2.184014	0.001088	1.002092	-1.347528	
464	1.001928	-0.002001	-1.644315	0.002001	1.001928	-2.667152	
465	1.003115	-0.001757	-3.870691	0.001757	1.003115	-4.616839	
466	1.002623	-0.001111	-2.583264	0.001111	1.002623	-0.122314	
467	1.001814	-0.000871	-1.398079	0.000871	1.001814	-1.055692	
468	1.002639	-0.001404	-3.047475	0.001404	1.002639	-5.190332	
469	1.002759	-0.002018	-4.648245	0.002018	1.002759	-4.320429	
470	1.002911	-0.001650	-5.252775	0.001650	1.002911	-3.584176	
471	1.002631	-0.000908	-4.586987	0.000908	1.002631	-2.724049	
472	1.002723	-0.000677	-4.430959	0.000677	1.002723	-3.028850	
473	1.002138	-0.000537	-3.333664	0.000537	1.002138	-3.098820	
474	1.002901	-0.000930	-4.590278	0.000930	1.002901	-3.738791	
475	1.002412	-0.000095	-3.745553	0.000095	1.002412	-1.344656	
476	1.002648	0.000332	-2.924066	-0.000332	1.002648	-1.101872	
477	1.002402	0.000400	-2.073684	-0.000400	1.002402	-0.726641	
478	1.002153	0.000906	-0.647265	-0.000906	1.002153	-0.374654	
479	1.002401	0.000220	-0.500997	-0.000220	1.002401	-1.242645	
480	1.003377	0.000278	-1.335789	-0.000278	1.003377	-1.018004	
481	1.001877	0.000926	1.312861	-0.000926	1.001877	0.477566	
482	1.002517	0.000988	0.828119	-0.000988	1.002517	0.446388	
483	1.006345	-0.000924	-2.985854	0.000924	1.006345	-5.377008	
484	1.002611	-0.000229	3.194802	0.000229	1.002611	-0.165794	
485	1.002265	-0.000266	4.423162	0.000266	1.002265	-1.375296	
486	1.001769	0.000624	4.306302	-0.000624	1.001769	-3.187727	
487	1.003118	0.000597	2.624841	-0.000597	1.003118	-3.618968	
488	1.009223	0.002172	17.672744	-0.002172	1.009223	-4.149959	
489	1.011128	0.000065	12.270746	-0.000065	1.011128	-6.742577	
490	1.009533	0.001391	10.536211	-0.001391	1.009533	-4.273807	
491	1.004123	0.002258	15.389703	-0.002258	1.004123	-2.335285	
492	1.004324	-0.000565	6.174858	0.000565	1.004324	-6.574481	
493	1.003056	0.000153	4.935787	-0.000153	1.003056	-4.015989	
494	1.009659	0.001368	0.930324	-0.001368	1.009659	-5.040194	
495	1.004236	0.000452	9.350557	-0.000452	1.004236	-3.274117	
496	1.004981	0.000196	8.169213	-0.000196	1.004981	-2.497844	
497	1.009368	-0.000708	2.093846	0.000708	1.009368	-4.853569	
498	1.007419	-0.000694	5.296501	0.000694	1.007419	-3.766607	
499	1.004493	0.000563	8.464388	-0.000563	1.004493	-0.421258	
500	1.004005	0.000022	8.721687	-0.000022	1.004005	-1.085588	
501	1.003741	-0.001333	9.433348	0.001333	1.003741	-2.972853	
502	1.007192	-0.002636	4.844227	0.002636	1.007192	-5.476529	
503	1.006651	-0.001522	6.223140	0.001522	1.006651	0.217051	
504	1.004485	0.000401	8.669049	-0.000401	1.004485	1.220915	
505	1.005402	-0.000658	6.800202	0.000658	1.005402	-4.204812	
506	1.004932	-0.001530	5.789522	0.001530	1.004932	-4.066118	
507	1.004409	-0.001770	5.366358	0.001770	1.004409	-2.840190	
508	1.003987	-0.001149	4.511136	0.001149	1.003987	-0.932057	
509	1.003802	-0.000971	3.234246	0.000971	1.003802	-2.810610	
510	1.003933	-0.000707	2.403262	0.000707	1.003933	-2.489297	
511	1.003886	-0.000987	1.789458	0.000987	1.003886	-2.439746	
512	1.004345	-0.000762	1.059960	0.000762	1.004345	-2.776547	
513	1.004379	0.000055	1.105187	-0.000055	1.004379	-1.055886	
514	1.004167	0.000676	0.645712	-0.000676	1.004167	-0.039245	
515	1.003903	0.000273	0.292712	-0.000273	1.003903	-0.286957	
516	1.003960	0.000170	-0.355295	-0.000170	1.003960	-0.686172	
517	1.004943	-0.000411	-1.553064	0.000411	1.004943	-0.974399	
518	1.003357	-0.000079	1.876434	0.000079	1.003357	1.110217	
519	1.003912	-0.000444	1.310768	0.000444	1.003912	-0.209807	
520	1.003864	-0.000394	1.527724	0.000394	1.003864	-2.113068	
521	1.002375	-0.000533	2.494893	0.000533	1.002375	1.748482	
522	1.001338	-0.001315	4.385091	0.001315	1.001338	-0.332383	
523	1.003219	0.000100	0.895314	-0.000100	1.003219	-4.074655	
524	1.003695	-0.000140	1.136704	0.000140	1.003695	-2.635801	
525	1.003017	0.000645	2.238139	-0.000645	1.003017	-1.903695	
526	1.003229	0.000369	2.615374	-0.000369	1.003229	-1.188138	
527	1.003021	0.000113	2.517519	-0.000113	1.003021	-0.724657	
528	1.003360	0.000557	2.014863	-0.000557	1.003360	-2.026957	
529	1.003169	0.000858	1.856879	-0.000858	1.003169	-0.874035	
530	1.002816	0.000380	1.603021	-0.000380	1.002816	-0.381901	
531	1.003052	0.000185	1.393635	-0.000185	1.003052	-1.713566	
532	1.002893	-0.000043	1.046456	0.000043	1.002893	-1.715527	
533	1.002700	-0.000508	0.863917	0.000508	1.002700	-1.741493	
534	1.002625	0.000717	0.845271	-0.000717	1.002625	-0.859525	
535	1.003178	-0.000086	0.040227	0.000086	1.003178	-2.628596	
536	1.002942	0.001173	-0.381891	-0.001173	1.002942	0.226399	
537	1.002754	0.000407	-1.006372	-0.000407	1.002754	0.654024	
538	1.002573	0.000096	-1.430929	-0.000096	1.002573	-0.581946	
539	1.003645	0.001393	-4.357147	-0.001393	1.003645	-0.365393	
540	1.002348	0.000336	-3.888456	-0.000336	1.002348	2.875108	
541	1.002363	-0.000726	-3.313564	0.000726	1.002363	-0.359515	
542	1.002403	-0.000434	-3.768927	0.000434	1.002403	-5.219708	
543	1.002669	-0.000099	-4.551745	0.000099	1.002669	-2.432313	
544	1.002166	0.000419	-3.808744	-0.000419	1.002166	-2.295100	
545	1.002131	-0.000899	-3.365019	0.000899	1.002131	-1.987748	
546	1.002060	-0.001878	-5.315437	0.001878	1.002060	-4.505007	
547	1.002323	-0.001096	-8.880867	0.001096	1.002323	-3.643701	
548	1.002686	-0.000746	-9.043695	0.000746	1.002686	-1.993285	
549	1.002862	-0.000276	-7.704120	0.000276	1.002862	-1.594235	
550	1.002863	0.000389	-7.609446	-0.000389	1.002863	-1.585250	
551	1.003282	0.000256	-7.901111	-0.000256	1.003282	-1.584285	
552	1.004002	0.000645	-8.433659	-0.000645	1.004002	-0.697113	
553	1.003106	-0.000019	-6.927656	0.000019	1.003106	-1.550837	
554	1.003281	0.000246	-6.264303	-0.000246	1.003281	-0.349741	
555	1.003068	-0.000007	-5.642946	0.000007	1.003068	1.760320	
556	1.003324	0.000038	-5.479047	-0.000038	1.003324	-0.694937	
557	1.003523	0.001016	-4.018301	-0.001016	1.003523	0.695953	
558	1.003219	0.000253	-1.942154	-0.000253	1.003219	1.288370	
559	1.003383	-0.000168	-1.220791	0.000168	1.003383	1.873272	
560	1.005098	-0.000409	-4.408981	0.000409	1.005098	-2.812050	
561	1.003146	-0.000697	-1.180190	0.000697	1.003146	-2.257295	
562	1.003703	-0.000800	1.083484	0.000800	1.003703	-1.737418	
563	1.003254	-0.000274	3.230672	0.000274	1.003254	-1.222853	
564	1.004024	-0.000312	3.185814	0.000312	1.004024	-2.820321	
565	1.003574	-0.001133	3.591748	0.001133	1.003574	-3.803704	
566	1.003493	-0.001474	3.325718	0.001474	1.003493	-4.000032	
567	1.002426	-0.000536	4.206386	0.000536	1.002426	-2.555485	
568	1.002566	-0.000351	4.062361	0.000351	1.002566	-2.605728	
569	1.006067	-0.001530	-0.397501	0.001530	1.006067	-4.980502	
570	1.003844	-0.000996	2.862293	0.000996	1.003844	-3.125055	
571	1.002894	-0.000122	4.472058	0.000122	1.002894	-1.818536	
572	1.002909	-0.000189	4.812419	0.000189	1.002909	-2.297376	
573	1.003534	0.000376	3.947001	-0.000376	1.003534	-0.996261	
574	1.002147	0.000233	4.579651	-0.000233	1.002147	1.034725	
575	1.002979	-0.000407	2.012925	0.000407	1.002979	-1.783474	
576	1.003175	-0.000111	0.431799	0.000111	1.003175	0.786000	
577	1.002783	-0.000822	1.399772	0.000822	1.002783	0.584769	
578	1.003642	-0.000599	-0.563759	0.000599	1.003642	-2.200710	
579	1.003080	-0.000319	0.078799	0.000319	1.003080	-1.640326	
580	1.003355	-0.000099	-0.015813	0.000099	1.003355	-1.456528	
581	1.003643	-0.000502	0.148757	0.000502	1.003643	-2.755765	
582	1.002946	0.000166	0.595522	-0.000166	1.002946	-2.225956	
583	1.003067	0.000928	-0.461418	-0.000928	1.003067	-3.128783	
584	1.003145	0.000887	-0.148626	-0.000887	1.003145	-1.819076	
585	1.003671	0.001525	-1.145530	-0.001525	1.003671	-1.727532	
586	1.003843	0.000916	-1.976595	-0.000916	1.003843	-2.487434	
587	1.003011	0.001449	0.017994	-0.001449	1.003011	-1.007194	
588	1.002569	0.001068	0.465104	-0.001068	1.002569	-0.320793	
589	1.004382	0.001175	-1.262191	-0.001175	1.004382	-2.057975	
590	1.001411	-0.000058	1.339938	0.000058	1.001411	-0.910010	
591	1.004199	-0.000376	-0.205778	0.000376	1.004199	-1.467118	
592	1.004372	-0.000361	0.979331	0.000361	1.004372	-2.546441	
593	1.003177	-0.001723	3.020121	0.001723	1.003177	-3.965489	
594	0.999829	-0.002398	6.410892	0.002398	0.999829	1.024927	
595	0.999719	-0.002371	8.379735	0.002371	0.999719	-0.827557	
596	1.002268	-0.001498	6.054079	0.001498	1.002268	-5.247185	
597	1.000984	-0.001189	7.593616	0.001189	1.000984	-2.862489	
598	1.002203	-0.001450	6.873020	0.001450	1.002203	-3.697853	
599	1.002092	-0.001813	7.451106	0.001813	1.002092	-3.036860	
600	1.001543	-0.001003	8.725161	0.001003	1.001543	-2.296680	
601	1.004810	-0.001472	5.211442	0.001472	1.004810	-6.437560	
602	1.002626	-0.000946	7.783310	0.000946	1.002626	-4.029860	
603	1.003312	-0.001154	6.044774	0.001154	1.003312	-4.853513	
604	1.001628	-0.000974	7.233773	0.000974	1.001628	-3.650930	
605	1.001431	-0.001271	7.214986	0.001271	1.001431	-4.150839	
606	1.004019	-0.000845	4.562722	0.000845	1.004019	-3.817124	
607	1.007392	-0.002389	1.686907	0.002389	1.007392	-6.240084	
608	1.007303	-0.000477	0.240851	0.000477	1.007303	-4.813252	
609	1.004288	-0.000167	4.794720	0.000167	1.004288	-2.814100	
610	1.007275	-0.000056	0.667928	0.000056	1.007275	-3.205701	
611	1.007088	-0.000153	-0.051361	0.000153	1.007088	-5.952611	
612	1.003966	-0.000838	3.837300	0.000838	1.003966	-3.951789	
613	1.002550	-0.001143	4.510617	0.001143	1.002550	-1.762609	
614	1.008315	0.000231	-3.245498	-0.000231	1.008315	-9.195384	
615	1.003945	-0.000257	2.127891	0.000257	1.003945	-7.659162	
616	1.003452	-0.000233	2.420096	0.000233	1.003452	-7.289966	
617	1.002537	-0.000811	2.641059	0.000811	1.002537	-6.542412	
618	1.003188	-0.000154	1.414178	0.000154	1.003188	-7.505945	
619	1.006001	0.000129	-1.497401	-0.000129	1.006001	-7.552724	
620	1.004782	0.000170	0.195049	-0.000170	1.004782	-6.281659	
621	1.004663	0.000705	1.631284	-0.000705	1.004663	-6.276091	
622	1.015508	-0.001465	-8.307668	0.001465	1.015508	-9.269302	
623	1.004071	0.001513	4.221612	-0.001513	1.004071	-2.143690	
624	1.013987	-0.000420	-6.246300	0.000420	1.013987	-6.380367	
625	1.016286	-0.001349	-7.570404	0.001349	1.016286	-8.106950	
626	1.008041	0.000305	0.364493	-0.000305	1.008041	-2.913701	
627	1.017707	-0.000900	-8.795667	0.000900	1.017707	-5.451959	
628	1.016411	0.001133	-10.468611	-0.001133	1.016411	-4.848701	
629	1.017948	0.001146	-11.346534	-0.001146	1.017948	-7.118035	
630	1.017453	0.002118	-10.986272	-0.002118	1.017453	1.593522	
631	1.010636	0.001603	0.081376	-0.001603	1.010636	0.053010	
632	1.005758	-0.000386	6.216462	0.000386	1.005758	-5.129598	
633	1.003178	-0.000207	9.622618	0.000207	1.003178	-1.775736	
634	1.003891	-0.000505	8.893707	0.000505	1.003891	-1.848686	
635	1.002208	-0.000032	10.233310	0.000032	1.002208	1.249888	
636	1.004855	-0.001151	8.117862	0.001151	1.004855	-1.129584	
637	1.004347	-0.001461	8.249701	0.001461	1.004347	-1.246746	
638	1.003174	-0.001230	9.686374	0.001230	1.003174	-0.380916	
639	1.003528	-0.001177	7.684658	0.001177	1.003528	-1.719312	
640	1.002508	-0.000304	7.848372	0.000304	1.002508	-0.603194	
641	1.002234	-0.001160	6.344001	0.001160	1.002234	-2.449573	
642	1.002346	-0.001560	5.839872	0.001560	1.002346	-1.618241	
643	1.001642	-0.002214	6.068695	0.002214	1.001642	-1.973553	
644	1.001862	-0.001571	5.130341	0.001571	1.001862	-0.745178	
645	1.001779	-0.001917	4.858732	0.001917	1.001779	-0.508491	
646	1.000974	-0.001991	5.439346	0.001991	1.000974	0.888138	
647	1.001389	-0.002915	3.534933	0.002915	1.001389	-2.061594	
648	1.002382	-0.002292	0.939778	0.002292	1.002382	-1.726326	
649	0.999405	-0.001183	5.285477	0.001183	0.999405	5.593719	
650	1.001189	-0.001448	1.660795	0.001448	1.001189	-2.652097	
651	1.002079	-0.001747	-0.261564	0.001747	1.002079	-2.515786	
652	1.000953	-0.000413	0.025539	0.000413	1.000953	0.812984	
653	1.001285	0.000199	-0.893744	-0.000199	1.001285	0.870490	
654	1.000946	0.000369	-1.272564	-0.000369	1.000946	1.298693	
655	1.002148	0.000670	-2.704543	-0.000670	1.002148	-0.366116	
656	1.001994	0.000626	-2.859460	-0.000626	1.001994	0.469680	
657	1.001765	0.001248	-2.385812	-0.001248	1.001765	1.205078	
658	1.001801	0.001361	-2.481101	-0.001361	1.001801	1.171217	
659	1.002323	0.001369	-2.800951	-0.001369	1.002323	1.045689	
660	1.001432	0.001881	-2.068887	-0.001881	1.001432	2.204102	
661	1.001994	0.001075	-2.157188	-0.001075	1.001994	0.512044	
662	1.001580	0.000336	-1.129486	-0.000336	1.001580	0.522792	
663	1.001241	-0.000089	0.612011	0.000089	1.001241	1.120365	
664	1.001695	-0.001112	1.175004	0.001112	1.001695	1.743592	
665	1.001712	-0.001255	2.572299	0.001255	1.001712	-0.022749	
666	1.002447	-0.001944	3.741984	0.001944	1.002447	1.669555	
667	1.000850	-0.003177	3.996904	0.003177	1.000850	1.452980	
668	1.000679	-0.001916	6.419631	0.001916	1.000679	2.744984	
669	1.000729	-0.002386	6.875792	0.002386	1.000729	-0.251964	
670	1.001454	-0.002505	6.982370	0.002505	1.001454	0.831959	
671	1.001214	-0.003083	7.655097	0.003083	1.001214	-1.357232	
672	1.000840	-0.004053	9.092548	0.004053	1.000840	-0.654725	
673	1.000447	-0.002637	10.119491	0.002637	1.000447	-0.577914	
674	1.001352	-0.002628	9.437082	0.002628	1.001352	-3.639799	
675	1.001723	-0.002329	9.803942	0.002329	1.001723	-3.492808	
676	1.001956	-0.002247	11.035082	0.002247	1.001956	-3.120128	
677	1.001936	-0.002090	10.535415	0.002090	1.001936	-3.694116	
678	1.001549	-0.002152	11.087211	0.002152	1.001549	-3.763804	
679	1.001924	-0.001757	10.081073	0.001757	1.001924	-4.240411	
680	1.002130	-0.001302	10.060765	0.001302	1.002130	-5.208773	
681	1.002388	-0.001682	10.369920	0.001682	1.002388	-4.068642	
682	1.002486	-0.000858	10.362948	0.000858	1.002486	-4.739986	
683	1.002022	-0.000980	9.675576	0.000980	1.002022	-4.559786	
684	1.001706	-0.001845	8.941789	0.001845	1.001706	-4.701388	
685	1.002149	-0.001655	6.915498	0.001655	1.002149	-5.409568	
686	1.002593	-0.002026	5.299552	0.002026	1.002593	-2.835028	
687	1.001696	-0.002501	5.184667	0.002501	1.001696	-1.253003	
688	1.001638	-0.002959	3.692505	0.002959	1.001638	-5.105760	
689	1.001692	-0.003255	3.540284	0.003255	1.001692	-5.306671	
690	1.002362	-0.002810	1.841347	0.002810	1.002362	-5.390385	
691	1.002250	-0.001694	1.395265	0.001694	1.002250	-2.076923	
692	1.001628	-0.001545	0.836361	0.001545	1.001628	-0.404914	
693	1.001846	-0.001928	1.647468	0.001928	1.001846	-3.347527	
694	1.002396	-0.000764	-1.065025	0.000764	1.002396	-2.923953	
695	1.002006	-0.000410	-0.069104	0.000410	1.002006	-1.633319	
696	1.002295	0.000140	0.927389	-0.000140	1.002295	-2.619727	
697	1.002196	0.001157	1.933705	-0.001157	1.002196	-1.650943	
698	1.002148	0.001810	2.202792	-0.001810	1.002148	-0.812159	
699	1.001893	0.001236	3.598077	-0.001236	1.001893	-1.343757	
700	1.002017	0.001197	4.124207	-0.001197	1.002017	-1.221282	
701	1.001562	0.000836	5.998980	-0.000836	1.001562	0.351857	
702	1.001578	0.000092	6.350876	-0.000092	1.001578	-0.508919	
703	1.001950	0.000786	6.859653	-0.000786	1.001950	-2.606057	
704	1.001313	-0.000712	7.179173	0.000712	1.001313	-0.598374	
705	1.000154	-0.001415	10.474276	0.001415	1.000154	0.723913	
706	1.001270	-0.000078	10.064043	0.000078	1.001270	-1.104370	
707	1.000772	-0.001068	10.448428	0.001068	1.000772	-1.600163	
708	1.001336	-0.000996	10.064494	0.000996	1.001336	-4.177364	
709	1.000122	-0.000869	11.089178	0.000869	1.000122	-1.896894	
710	1.000901	-0.000719	10.768220	0.000719	1.000901	-0.060434	
711	1.002169	-0.000543	8.656577	0.000543	1.002169	0.516883	
712	1.000733	-0.000879	11.227307	0.000879	1.000733	-0.363382	
713	1.000224	-0.000316	11.813511	0.000316	1.000224	1.011618	
714	1.001160	0.000028	11.354588	-0.000028	1.001160	0.582309	
715	1.000123	-0.000491	12.769024	0.000491	1.000123	-0.202882	
716	0.999672	-0.000343	13.353565	0.000343	0.999672	0.532118	
717	1.001767	0.000159	11.658045	-0.000159	1.001767	0.217731	
718	1.000913	0.000575	10.502377	-0.000575	1.000913	0.554986	
719	1.001249	0.000877	9.539194	-0.000877	1.001249	1.102839	
720	1.001245	-0.000136	7.954531	0.000136	1.001245	0.591018	
721	1.001689	0.000765	5.970338	-0.000765	1.001689	2.402483	
722	1.001661	0.000743	4.356376	-0.000743	1.001661	3.251945	
723	1.002190	0.000481	2.569362	-0.000481	1.002190	1.273295	
724	1.001653	0.001837	1.158557	-0.001837	1.001653	2.273527	
725	1.002055	0.002640	0.167160	-0.002640	1.002055	6.434586	
726	1.001863	0.001111	-1.073262	-0.001111	1.001863	2.360510	
727	1.001668	0.000631	-0.371355	-0.000631	1.001668	-0.651591	
728	1.002281	0.001943	-0.972670	-0.001943	1.002281	0.069953	
729	1.002120	0.003180	-1.297360	-0.003180	1.002120	4.096381	
730	1.002325	0.001594	-0.948906	-0.001594	1.002325	5.347766	
731	1.001802	0.003878	-3.120078	-0.003878	1.001802	6.274107	
732	1.002021	0.006110	-3.871325	-0.006110	1.002021	7.903157	
733	1.002338	0.003149	-3.433220	-0.003149	1.002338	5.431105	
734	1.001934	0.003710	-4.078285	-0.003710	1.001934	7.048867	
735	1.001817	0.002609	-2.518158	-0.002609	1.001817	5.223937	
736	1.001582	0.003083	-1.921185	-0.003083	1.001582	5.590269	
737	1.001298	0.002409	-0.774743	-0.002409	1.001298	6.082039	
738	1.001341	0.002262	-0.664295	-0.002262	1.001341	5.642708	
739	1.001375	0.002524	-0.712240	-0.002524	1.001375	6.629712	
740	1.001370	0.001691	0.034400	-0.001691	1.001370	7.429475	
741	1.001706	0.001393	0.026410	-0.001393	1.001706	4.893230	
742	1.002005	0.002518	0.878819	-0.002518	1.002005	5.471344	
743	1.000421	0.000640	4.488520	-0.000640	1.000421	7.225686	
744	1.001149	0.001038	4.698159	-0.001038	1.001149	2.847213	
745	1.001603	0.001088	6.420548	-0.001088	1.001603	0.065049	
746	1.001174	0.001161	6.883418	-0.001161	1.001174	1.624818	
747	1.004665	0.000240	4.527110	-0.000240	1.004665	-0.771619	
748	1.001489	0.000291	7.481385	-0.000291	1.001489	1.278705	
749	1.001632	-0.000178	6.713080	0.000178	1.001632	1.882216	
750	1.001492	-0.000957	6.313895	0.000957	1.001492	-1.707583	
751	1.001095	-0.001675	6.592062	0.001675	1.001095	-1.777580	
752	1.001536	-0.001781	5.898324	0.001781	1.001536	-1.388455	
753	1.001341	-0.001350	6.127707	0.001350	1.001341	-1.687067	
754	1.001958	-0.001739	5.096203	0.001739	1.001958	-2.674139	
755	1.001932	-0.001828	5.217315	0.001828	1.001932	-1.991111	
756	1.001631	-0.001376	5.176822	0.001376	1.001631	-1.212957	
757	1.001693	-0.001493	3.703676	0.001493	1.001693	-1.908650	
758	1.001012	-0.000899	3.965353	0.000899	1.001012	0.552932	
759	1.000882	-0.001247	2.648097	0.001247	1.000882	-0.102362	
760	1.001386	0.000433	-0.367583	-0.000433	1.001386	-0.356422	
761	1.001572	0.000421	-2.514173	-0.000421	1.001572	4.393836	
762	1.000595	-0.001520	-2.620455	0.001520	1.000595	0.777790	
763	1.001985	-0.000839	-6.533066	0.000839	1.001985	-4.313590	
764	1.002358	-0.000653	-20.564973	0.000653	1.002358	-2.057755	
765	1.000673	0.000545	-15.393731	-0.000545	1.000673	0.883858	
766	1.000277	0.000077	-9.182734	-0.000077	1.000277	0.876599	
767	1.000231	-0.000181	-11.997471	0.000181	1.000231	-0.923648	
768	1.000574	0.000744	-12.358422	-0.000744	1.000574	0.942262	
769	1.000678	0.000610	-6.207620	-0.000610	1.000678	1.335119	
770	1.000627	0.000649	-7.241049	-0.000649	1.000627	0.144772	
771	1.001073	0.001527	-8.774819	-0.001527	1.001073	1.048172	
772	1.000635	0.001714	-5.950704	-0.001714	1.000635	2.197378	
773	1.001405	0.001087	-6.372535	-0.001087	1.001405	0.391799	
774	1.001175	0.001039	-6.521286	-0.001039	1.001175	0.575307	
775	1.000872	0.000995	-6.581282	-0.000995	1.000872	1.982602	
776	1.000818	0.000537	-7.256764	-0.000537	1.000818	2.058506	
777	1.001603	0.001073	-7.631107	-0.001073	1.001603	1.082671	
778	1.002123	0.002713	-9.596376	-0.002713	1.002123	3.507294	
779	1.000763	0.000686	-6.900286	-0.000686	1.000763	4.759601	
780	1.000474	0.000962	-4.955105	-0.000962	1.000474	0.705928	
781	1.001682	0.002185	-5.014720	-0.002185	1.001682	1.621507	
782	1.002135	0.002571	-4.114252	-0.002571	1.002135	1.621173	
783	1.001542	0.001690	-2.775330	-0.001690	1.001542	2.262995	
784	1.001160	0.000554	-2.151760	-0.000554	1.001160	1.100227	
785	1.001652	0.000401	-2.625164	-0.000401	1.001652	-0.082909	
786	1.001221	-0.000147	-2.898541	0.000147	1.001221	0.741422	
787	1.000758	-0.001296	-3.794051	0.001296	1.000758	-0.032627	
788	1.000552	-0.001050	-4.562741	0.001050	1.000552	1.032683	
789	1.000726	-0.000754	-5.753644	0.000754	1.000726	1.341156	
790	1.000585	-0.001035	-5.718292	0.001035	1.000585	1.545449	
791	1.000384	-0.001388	-5.732696	0.001388	1.000384	1.377390	
792	1.000635	-0.001539	-9.059828	0.001539	1.000635	0.389117	
793	1.000049	-0.002219	-23.489781	0.002219	1.000049	0.299051	
794	0.999805	-0.001313	-25.476697	0.001313	0.999805	2.502357	
795	0.999229	-0.001793	-22.603646	0.001793	0.999229	2.347433	
796	1.000272	-0.001821	-26.218338	0.001821	1.000272	-0.799420	
797	1.001538	-0.001132	-29.191428	0.001132	1.001538	3.075634	
798	1.000660	-0.002148	-26.463152	0.002148	1.000660	0.146295	
799	1.003869	-0.002595	-41.314673	0.002595	1.003869	-5.629024	
800	1.005764	-0.002399	-45.101270	0.002399	1.005764	-3.413845	
801	1.002883	-0.001066	-35.701151	0.001066	1.002883	-1.632887	
802	1.001523	0.000537	-25.383197	-0.000537	1.001523	1.185739	
803	1.001827	0.001799	-15.401608	-0.001799	1.001827	1.286081	
804	1.001663	0.002071	-9.030751	-0.002071	1.001663	0.729660	
805	1.003301	0.000916	-16.930911	-0.000916	1.003301	-1.650020	
806	1.002144	0.000967	-13.387784	-0.000967	1.002144	-0.704889	
807	1.002798	0.000602	-13.236653	-0.000602	1.002798	-2.173687	
808	1.002910	0.000861	-14.744415	-0.000861	1.002910	-1.376143	
809	1.002865	0.001145	-15.011106	-0.001145	1.002865	-0.435347	
810	1.002993	0.000105	-13.688719	-0.000105	1.002993	-1.373777	
811	1.002767	0.000026	-11.802875	-0.000026	1.002767	-0.266867	
812	1.002728	-0.000272	-12.397211	0.000272	1.002728	-0.599809	
813	1.003189	0.000497	-11.984406	-0.000497	1.003189	-1.689549	
814	1.003343	0.000372	-12.804860	-0.000372	1.003343	-0.108954	
815	1.003194	-0.000784	-12.826732	0.000784	1.003194	0.433965	
816	1.002290	-0.000597	-11.298898	0.000597	1.002290	0.888427	
817	1.002603	-0.001026	-11.094190	0.001026	1.002603	-3.812613	
818	1.002684	-0.000877	-10.521002	0.000877	1.002684	-1.281968	
819	1.002330	-0.001374	-9.663596	0.001374	1.002330	-1.674493	
820	1.002380	-0.001695	-9.842454	0.001695	1.002380	-1.849050	
821	1.002222	-0.001788	-9.430784	0.001788	1.002222	-0.899122	
822	1.002377	-0.002318	-9.241115	0.002318	1.002377	-2.773367	
823	1.002069	-0.002913	-8.938362	0.002913	1.002069	-3.017211	
824	1.002490	-0.003295	-9.493376	0.003295	1.002490	-3.144650	
825	1.002359	-0.002416	-9.661819	0.002416	1.002359	-1.860455	
826	1.002333	-0.002223	-9.748491	0.002223	1.002333	-1.085703	
827	1.002333	-0.002246	-10.057063	0.002246	1.002333	-0.627929	
828	1.002332	-0.001873	-10.232609	0.001873	1.002332	0.737734	
829	1.002212	-0.002184	-10.220588	0.002184	1.002212	-0.079323	
830	1.002123	-0.001730	-10.077713	0.001730	1.002123	1.270427	
831	1.001976	-0.001405	-9.549339	0.001405	1.001976	1.873687	
832	1.001693	-0.000586	-9.635488	0.000586	1.001693	1.026245	
833	1.001493	-0.000373	-10.662685	0.000373	1.001493	1.806382	
834	1.001159	-0.000004	-11.149382	0.000004	1.001159	5.104257	
835	1.001888	-0.001323	-12.203270	0.001323	1.001888	-3.833613	
836	1.002407	-0.000216	-12.447587	0.000216	1.002407	-0.468481	
837	1.002297	0.000461	-13.503790	-0.000461	1.002297	0.759738	
838	1.002724	0.000189	-14.836701	-0.000189	1.002724	0.634161	
839	1.002817	-0.000159	-15.895212	0.000159	1.002817	0.901278	
840	1.003075	0.000409	-15.453084	-0.000409	1.003075	-0.934630	
841	1.003391	0.000699	-15.132578	-0.000699	1.003391	-0.083170	
842	1.002707	0.000651	-13.729041	-0.000651	1.002707	0.168872	
843	1.003064	0.000204	-13.438006	-0.000204	1.003064	-0.941891	
844	1.002790	0.000649	-12.794928	-0.000649	1.002790	-0.042510	
845	1.002651	0.001221	-12.862485	-0.001221	1.002651	0.491225	
846	1.003104	0.000485	-12.823377	-0.000485	1.003104	-0.716983	
847	1.003364	0.000259	-12.417001	-0.000259	1.003364	-0.936142	
848	1.002836	0.000231	-10.089538	-0.000231	1.002836	0.765988	
849	1.002245	0.000439	-10.073196	-0.000439	1.002245	0.888237	
850	1.003420	0.000932	-8.934383	-0.000932	1.003420	-1.462039	
851	1.002862	0.000354	-7.738976	-0.000354	1.002862	1.264225	
852	1.002312	0.000580	-7.075911	-0.000580	1.002312	2.085467	
853	1.001957	0.000651	-5.539198	-0.000651	1.001957	-0.367398	
854	1.002134	0.000313	-4.643968	-0.000313	1.002134	-1.585705	
855	1.001354	0.000506	-3.209526	-0.000506	1.001354	-0.277700	
856	1.001410	0.000830	-1.374101	-0.000830	1.001410	-0.688786	
857	1.000897	0.001483	0.410194	-0.001483	1.000897	0.173802	
858	1.001218	0.000905	2.946983	-0.000905	1.001218	-2.466656	
859	1.001985	-0.000176	2.278609	0.000176	1.001985	-2.719461	
860	1.001703	0.000337	1.303159	-0.000337	1.001703	-0.350565	
861	1.001918	-0.000088	0.240474	0.000088	1.001918	-1.821578	
862	1.001761	-0.001472	-0.329290	0.001472	1.001761	-2.001242	
863	1.001794	-0.001289	-0.978897	0.001289	1.001794	-2.019248	
864	1.001747	-0.001194	-1.345636	0.001194	1.001747	-1.701250	
865	1.001871	-0.001504	-1.233210	0.001504	1.001871	-2.686310	
866	1.002153	-0.002026	-0.967408	0.002026	1.002153	-3.198343	
867	1.001833	-0.001154	-1.278345	0.001154	1.001833	-1.600223	
868	1.001881	-0.000998	-2.095664	0.000998	1.001881	-1.322552	
869	1.002383	-0.001846	-3.164685	0.001846	1.002383	-3.129089	
870	1.003122	-0.002190	-5.729044	0.002190	1.003122	-3.493742	
871	1.002109	-0.001671	-5.036650	0.001671	1.002109	-0.835697	
872	1.001914	-0.000876	-5.340576	0.000876	1.001914	-1.840082	
873	1.002933	-0.002056	-6.378718	0.002056	1.002933	-6.818941	
874	1.002528	-0.001743	-5.974221	0.001743	1.002528	-3.985932	
875	1.002745	-0.001646	-6.023013	0.001646	1.002745	-4.844631	
876	1.002691	-0.001177	-6.248561	0.001177	1.002691	-3.869556	
877	1.002568	-0.000102	-6.132163	0.000102	1.002568	-4.490123	
878	1.002900	-0.000924	-6.567688	0.000924	1.002900	-5.743701	
879	1.002692	-0.001279	-7.296428	0.001279	1.002692	-5.342671	
880	1.002503	-0.000910	-7.116411	0.000910	1.002503	-5.298575	
881	1.002734	-0.000194	-7.286157	0.000194	1.002734	-4.119495	
882	1.002498	0.000569	-7.463525	-0.000569	1.002498	-2.771080	
883	1.002576	0.000539	-7.302846	-0.000539	1.002576	-2.256200	
884	1.002362	0.000151	-7.273606	-0.000151	1.002362	-1.969977	
885	1.002554	0.000277	-7.063523	-0.000277	1.002554	-1.559286	
886	1.002634	0.000896	-7.463726	-0.000896	1.002634	-0.954643	
887	1.002464	0.000945	-6.236200	-0.000945	1.002464	-0.614769	
888	1.003072	-0.000261	-5.638989	0.000261	1.003072	-4.639568	
889	1.002457	0.000542	-4.828728	-0.000542	1.002457	-1.812900	
890	1.002602	0.001719	-5.421395	-0.001719	1.002602	-1.023009	
891	1.002287	0.001067	-3.343041	-0.001067	1.002287	-4.966135	
892	1.002729	0.000800	-2.948139	-0.000800	1.002729	-4.365683	
893	1.002299	0.000508	-2.604897	-0.000508	1.002299	-3.241205	
894	1.002635	0.000271	-4.245931	-0.000271	1.002635	-3.498141	
895	1.002801	-0.000150	-5.646186	0.000150	1.002801	-2.557068	
896	1.002829	-0.000763	-5.627334	0.000763	1.002829	-3.124096	
897	1.003165	-0.000583	-5.836630	0.000583	1.003165	-2.955133	
898	1.002305	-0.000701	-5.644967	0.000701	1.002305	-2.122606	
899	1.002627	-0.001222	-7.449940	0.001222	1.002627	-2.942517	
