0	1.000000	0.000000	0.000000	0.000000	1.000000	0.000000	
1	1.005203	-0.004140	2.321603	0.004140	1.005203	-2.335658	
2	1.007705	-0.003651	5.624400	0.003651	1.007705	-2.656757	
3	1.004555	0.002347	5.101934	-0.002347	1.004555	0.404965	
4	1.007137	0.004120	6.235071	-0.004120	1.007137	1.842862	
5	1.006996	0.000311	5.194466	-0.000311	1.006996	-1.539605	
6	1.007722	-0.001966	3.654778	0.001966	1.007722	-3.691479	
7	1.005813	-0.000993	6.444837	0.000993	1.005813	0.610304	
8	1.005148	-0.004447	5.024418	0.004447	1.005148	-2.175799	
9	1.008341	-0.003722	7.740649	0.003722	1.008341	-3.238633	
10	1.005031	0.001902	5.700995	-0.001902	1.005031	-0.530801	
11	1.006915	0.003329	9.550565	-0.003329	1.006915	2.193209	
12	1.005634	0.001655	3.820088	-0.001655	1.005634	-0.939842	
13	1.008236	0.004527	8.905366	-0.004527	1.008236	-1.347232	
14	1.006272	0.001402	8.572711	-0.001402	1.006272	-0.092079	
15	1.005795	-0.000666	3.269326	0.000666	1.005795	-4.344083	
16	1.007520	-0.000600	1.798827	0.000600	1.007520	-2.480599	
17	1.007765	-0.000170	1.904776	0.000170	1.007765	-1.326292	
18	1.006875	-0.002486	-0.959876	0.002486	1.006875	-4.958969	
19	1.008709	-0.007070	-2.540323	0.007070	1.008709	-5.325457	
20	1.007263	-0.003849	-1.401790	0.003849	1.007263	-1.829680	
21	1.008343	0.000927	-0.405588	-0.000927	1.008343	-3.090532	
22	1.005234	0.004224	1.223461	-0.004224	1.005234	3.656915	
23	1.006387	0.003057	0.483719	-0.003057	1.006387	-0.714033	
24	1.009368	0.001096	0.612717	-0.001096	1.009368	-0.110639	
25	1.005312	-0.001536	0.085160	0.001536	1.005312	-1.455577	
26	1.009451	-0.001967	-0.371613	0.001967	1.009451	-3.752588	
27	1.007320	0.000604	0.903265	-0.000604	1.007320	-0.875015	
28	1.012491	0.001451	-0.802702	-0.001451	1.012491	-4.639105	
29	1.006840	-0.001103	-0.563141	0.001103	1.006840	-1.453306	
30	1.009539	-0.002773	0.717744	0.002773	1.009539	-2.958058	
31	1.007878	-0.000263	3.349433	0.000263	1.007878	-0.715945	
32	1.009270	0.002684	5.990435	-0.002684	1.009270	-4.455492	
33	1.008270	0.003378	4.570921	-0.003378	1.008270	1.230220	
34	1.005170	-0.000362	6.970428	0.000362	1.005170	1.742555	
35	1.010362	0.001281	7.364736	-0.001281	1.010362	-3.493409	
36	1.006330	0.000205	1.248795	-0.000205	1.006330	-1.170174	
37	1.009231	-0.001668	2.308998	0.001668	1.009231	-0.523487	
38	1.011351	0.000274	-0.771671	-0.000274	1.011351	-3.938158	
39	1.008149	0.002980	0.195806	-0.002980	1.008149	1.552384	
40	1.010925	0.001881	-3.042440	-0.001881	1.010925	-0.578474	
41	1.012895	-0.006708	-6.866409	0.006708	1.012895	-6.704884	
42	1.010099	-0.007850	-2.969966	0.007850	1.010099	-3.829785	
43	1.009178	-0.005194	-0.485172	0.005194	1.009178	-2.987240	
44	1.007222	-0.001554	-0.523181	0.001554	1.007222	-3.400757	
45	1.011287	-0.004058	-2.666731	0.004058	1.011287	-3.571375	
46	1.006839	-0.002781	-0.280681	0.002781	1.006839	-3.634225	
47	1.011900	0.000442	-0.103217	-0.000442	1.011900	-3.061982	
48	1.007791	0.001107	-1.176728	-0.001107	1.007791	-1.063678	
49	1.009730	-0.000262	-2.839313	0.000262	1.009730	-3.362277	
50	1.005228	0.000152	0.016030	-0.000152	1.005228	-1.688024	
51	1.009305	0.001206	-0.934101	-0.001206	1.009305	-2.316617	
52	1.009374	0.001165	-2.337432	-0.001165	1.009374	-2.136256	
53	1.006619	0.000837	-1.233412	-0.000837	1.006619	-0.588895	
54	1.009879	0.001729	0.474391	-0.001729	1.009879	-2.198439	
55	1.006071	0.000541	-1.124013	-0.000541	1.006071	-1.161854	
56	1.009378	0.000471	-1.382745	-0.000471	1.009378	-2.319114	
57	1.004247	0.001280	0.202510	-0.001280	1.004247	-0.047343	
58	1.008348	0.002457	-1.828878	-0.002457	1.008348	-0.811217	
59	1.004539	0.000075	-2.175653	-0.000075	1.004539	-2.008975	
60	1.003993	0.000507	-0.962799	-0.000507	1.003993	-0.835700	
61	1.004939	0.000358	-0.810416	-0.000358	1.004939	-2.004015	
62	1.002151	-0.000240	-0.525825	0.000240	1.002151	-0.965884	
63	1.002811	0.000976	-0.128270	-0.000976	1.002811	-0.551545	
64	1.002766	0.000861	-1.394831	-0.000861	1.002766	-0.523838	
65	1.002346	-0.000268	-1.548638	0.000268	1.002346	-0.778698	
66	1.001068	-0.000317	0.646637	0.000317	1.001068	-0.374157	
67	1.001380	-0.000871	0.945963	0.000871	1.001380	-0.495565	
68	1.000602	-0.000585	0.078186	0.000585	1.000602	-0.388170	
69	1.000769	-0.000392	0.312766	0.000392	1.000769	-0.091744	
70	1.000570	-0.000894	0.294737	0.000894	1.000570	-0.379252	
71	1.000019	-0.000923	1.059756	0.000923	1.000019	0.052417	
72	0.999609	-0.001192	0.629674	0.001192	0.999609	-0.064357	
73	0.999672	-0.000933	0.766420	0.000933	0.999672	-0.117571	
74	0.999157	-0.001241	1.335254	0.001241	0.999157	-0.156302	
75	1.000038	-0.000470	0.262385	0.000470	1.000038	-0.117062	
76	1.000049	-0.000254	0.546376	0.000254	1.000049	-0.061860	
77	0.999869	-0.000345	0.613758	0.000345	0.999869	-0.092586	
78	1.000082	-0.000056	0.185900	0.000056	1.000082	-0.131863	
79	1.000282	0.000547	0.000820	-0.000547	1.000282	-0.009280	
80	0.999614	0.000785	0.452950	-0.000785	0.999614	0.185016	
81	1.000581	0.000265	-0.197719	-0.000265	1.000581	-0.169007	
82	1.000436	0.000196	-0.112133	-0.000196	1.000436	-0.226827	
83	1.000887	-0.000439	-0.752459	0.000439	1.000887	-0.086623	
84	1.000538	-0.000016	0.391860	0.000016	1.000538	0.182960	
85	1.001494	0.000407	-0.414519	-0.000407	1.001494	0.420544	
86	1.000761	0.000116	-1.147488	-0.000116	1.000761	-0.797998	
87	1.000246	0.000860	0.307210	-0.000860	1.000246	1.118382	
88	1.000419	0.000740	-0.131698	-0.000740	1.000419	0.010565	
89	1.000487	0.001287	-0.753449	-0.001287	1.000487	0.403676	
90	1.000317	0.000631	-0.481661	-0.000631	1.000317	0.174128	
91	1.000020	0.000351	0.125076	-0.000351	1.000020	0.356073	
92	1.000067	-0.000171	-0.283857	0.000171	1.000067	-0.182910	
93	1.000200	-0.000591	0.456106	0.000591	1.000200	-0.704505	
94	1.000332	0.000591	0.401831	-0.000591	1.000332	-0.326216	
95	1.000022	0.000399	-0.709105	-0.000399	1.000022	-0.279737	
96	0.999419	-0.000329	0.075013	0.000329	0.999419	0.458985	
97	0.999616	-0.000898	1.134075	0.000898	0.999616	-0.335722	
98	1.000066	-0.000329	0.017381	0.000329	1.000066	-0.035097	
99	1.000446	-0.000049	-0.486062	0.000049	1.000446	-0.300585	
100	0.999976	-0.000201	0.646172	0.000201	0.999976	0.018779	
101	1.000033	-0.000804	0.202385	0.000804	1.000033	-0.327353	
102	0.999952	-0.000580	0.545219	0.000580	0.999952	-0.076184	
103	1.000102	0.000374	0.279639	-0.000374	1.000102	0.212410	
104	1.000422	0.000553	-0.555342	-0.000553	1.000422	0.004184	
105	1.000274	0.000723	-0.106239	-0.000723	1.000274	0.049371	
106	1.000145	0.000776	-0.108043	-0.000776	1.000145	0.347642	
107	1.000550	0.000852	-0.591777	-0.000852	1.000550	-0.263137	
108	1.000542	0.000501	-0.939875	-0.000501	1.000542	0.006011	
109	1.000636	-0.000007	-0.956244	0.000007	1.000636	-0.269065	
110	0.999864	-0.000432	-0.234070	0.000432	0.999864	0.005779	
111	0.999871	-0.001394	0.121315	0.001394	0.999871	-0.240404	
112	0.999516	-0.001002	-0.041411	0.001002	0.999516	-0.071804	
113	0.999547	-0.002139	0.392996	0.002139	0.999547	-0.256568	
114	0.998536	-0.001641	0.725676	0.001641	0.998536	-0.259710	
115	0.997051	-0.002106	1.589611	0.002106	0.997051	-0.099286	
116	0.995554	-0.001538	2.310956	0.001538	0.995554	0.134279	
117	0.995886	-0.000955	2.034527	0.000955	0.995886	0.190083	
118	0.994778	-0.000919	2.742083	0.000919	0.994778	0.588835	
119	0.995683	-0.000403	2.401959	0.000403	0.995683	0.610063	
120	0.993336	-0.000085	3.660998	0.000085	0.993336	1.119952	
121	0.993043	0.000172	3.745245	-0.000172	0.993043	1.276350	
122	0.992839	0.000047	3.706580	-0.000047	0.992839	1.202953	
123	0.995005	-0.000163	2.697570	0.000163	0.995005	0.811098	
124	0.994168	0.000265	3.144852	-0.000265	0.994168	1.013100	
125	0.997371	-0.000009	1.110074	0.000009	0.997371	0.420057	
126	0.996538	0.000545	1.717600	-0.000545	0.996538	0.678464	
127	0.998709	0.000685	0.468120	-0.000685	0.998709	0.482560	
128	0.999121	0.000975	0.056552	-0.000975	0.999121	0.612846	
129	1.000457	0.000883	-0.256670	-0.000883	1.000457	0.373706	
130	1.000962	0.000675	-0.809227	-0.000675	1.000962	0.163717	
131	1.001819	0.001224	-0.963706	-0.001224	1.001819	0.339058	
132	1.001066	0.000341	-0.899194	-0.000341	1.001066	0.056183	
133	1.001620	0.000370	-1.150867	-0.000370	1.001620	0.064489	
134	1.001831	-0.000072	-0.992268	0.000072	1.001831	-0.237631	
135	1.002234	0.000113	-1.428465	-0.000113	1.002234	-0.315907	
136	1.001901	0.000349	-1.149085	-0.000349	1.001901	-0.249893	
137	1.002993	0.000066	-2.159595	-0.000066	1.002993	-0.478267	
138	1.001183	-0.000123	-0.650286	0.000123	1.001183	-0.290359	
139	1.001884	0.000148	-1.365947	-0.000148	1.001884	-0.349303	
140	1.001486	0.000447	-1.643320	-0.000447	1.001486	-0.231220	
141	1.001000	0.000563	-1.089648	-0.000563	1.001000	-0.015072	
142	1.001999	0.000934	-1.452375	-0.000934	1.001999	-0.223608	
143	1.001029	0.000162	-1.158164	-0.000162	1.001029	-0.415022	
144	1.002503	0.000232	-1.517356	-0.000232	1.002503	-0.968702	
145	1.000422	-0.000092	-0.242051	0.000092	1.000422	-0.279836	
146	0.997627	0.000554	0.720976	-0.000554	0.997627	0.133670	
147	0.994537	0.001613	2.247675	-0.001613	0.994537	1.632540	
148	0.994396	0.001006	2.211221	-0.001006	0.994396	1.117995	
149	0.996410	0.000722	1.683234	-0.000722	0.996410	0.953615	
150	0.995341	0.000647	2.041818	-0.000647	0.995341	0.949528	
151	0.997190	-0.000370	1.064987	0.000370	0.997190	0.399513	
152	0.997131	-0.000062	1.024297	0.000062	0.997131	0.574220	
153	0.997961	-0.000439	0.221928	0.000439	0.997961	0.246681	
154	0.998502	-0.000357	0.097042	0.000357	0.998502	0.511837	
155	0.999640	-0.000615	-0.789236	0.000615	0.999640	0.045360	
156	1.000355	-0.000609	-0.752068	0.000609	1.000355	-0.263136	
157	1.002402	-0.000495	-1.508895	0.000495	1.002402	-0.588025	
158	1.001673	-0.000473	-1.048257	0.000473	1.001673	-0.189812	
159	1.003316	-0.001415	-2.154636	0.001415	1.003316	-0.407879	
160	1.005831	-0.001584	-3.403840	0.001584	1.005831	-1.894824	
161	1.006082	0.000713	-1.565362	-0.000713	1.006082	-1.476613	
162	1.006422	0.000520	-3.287626	-0.000520	1.006422	-0.782097	
163	1.005172	-0.000412	-3.394746	0.000412	1.005172	-1.504020	
164	1.006312	-0.000848	-2.433596	0.000848	1.006312	-1.169663	
165	1.003672	-0.000538	-1.116172	0.000538	1.003672	-1.500944	
166	1.004489	-0.000572	-2.931451	0.000572	1.004489	-0.639491	
167	1.002769	-0.000310	-1.868125	0.000310	1.002769	-0.811985	
168	1.002658	0.000282	-1.168757	-0.000282	1.002658	-0.059360	
169	1.002564	-0.000285	-1.534636	0.000285	1.002564	-0.767720	
170	1.001926	-0.000463	-1.244735	0.000463	1.001926	-0.334084	
171	1.001083	0.000203	-0.625114	-0.000203	1.001083	-0.341178	
172	1.000858	-0.000324	0.128191	0.000324	1.000858	0.004407	
173	1.000528	0.000783	-0.722641	-0.000783	1.000528	0.060651	
174	0.999798	0.000352	-0.440824	-0.000352	0.999798	0.460497	
175	0.999969	0.000401	0.289834	-0.000401	0.999969	0.167968	
176	1.001116	0.000204	-0.292009	-0.000204	1.001116	-0.224760	
177	1.000669	-0.000012	-0.239375	0.000012	1.000669	-0.597034	
178	1.000164	-0.000125	-0.077869	0.000125	1.000164	-0.088220	
179	0.999951	-0.000311	0.354286	0.000311	0.999951	-0.208858	
180	0.999801	0.000098	0.300120	-0.000098	0.999801	0.220690	
181	1.000037	0.000230	0.208077	-0.000230	1.000037	0.036627	
182	1.000146	0.000205	0.168016	-0.000205	1.000146	-0.057265	
183	1.000151	0.000547	0.337566	-0.000547	1.000151	0.116108	
184	1.000125	0.000553	0.232379	-0.000553	1.000125	0.191066	
185	1.000236	0.000290	0.269637	-0.000290	1.000236	0.068601	
186	1.000039	0.000036	0.018672	-0.000036	1.000039	0.179438	
187	1.000154	-0.000184	0.053821	0.000184	1.000154	-0.099482	
188	1.000225	-0.000199	0.182393	0.000199	1.000225	-0.170468	
189	1.000124	-0.000072	0.043868	0.000072	1.000124	-0.029702	
190	1.000087	-0.000100	-0.078771	0.000100	1.000087	0.041007	
191	1.000112	-0.000151	-0.109289	0.000151	1.000112	-0.068377	
192	1.000218	-0.000438	-0.233042	0.000438	1.000218	-0.054314	
193	1.000364	-0.000345	-0.392689	0.000345	1.000364	-0.225454	
194	1.000798	-0.000385	-1.081348	0.000385	1.000798	-0.371118	
195	1.000632	0.000101	-0.564598	-0.000101	1.000632	-0.028232	
196	1.000999	0.000392	-0.354411	-0.000392	1.000999	0.059439	
197	1.001068	0.000152	-1.170237	-0.000152	1.001068	0.070717	
198	1.001352	0.000044	-1.405366	-0.000044	1.001352	-0.267791	
199	1.001636	0.000299	-1.268720	-0.000299	1.001636	-0.105541	
200	1.001308	0.000014	-1.317638	-0.000014	1.001308	-0.093908	
201	1.001968	-0.000198	-1.919688	0.000198	1.001968	-0.381359	
202	1.000713	-0.000074	-1.054312	0.000074	1.000713	0.156517	
203	1.000924	-0.000680	-1.781757	0.000680	1.000924	0.376066	
204	1.001752	0.000249	-0.816121	-0.000249	1.001752	-0.320699	
205	1.001668	0.000928	-1.573059	-0.000928	1.001668	-0.143278	
206	1.001173	0.001013	-1.884551	-0.001013	1.001173	0.240803	
207	1.001447	0.000712	-1.944142	-0.000712	1.001447	-0.006647	
208	1.000439	-0.000215	-0.485827	0.000215	1.000439	0.013146	
209	1.002646	0.000154	-2.397679	-0.000154	1.002646	-0.290312	
210	1.003203	0.000722	-2.159326	-0.000722	1.003203	-0.715132	
211	1.005701	0.001396	-4.030873	-0.001396	1.005701	1.045080	
212	1.007159	0.000180	-5.043116	-0.000180	1.007159	-2.020867	
213	1.006314	0.000262	-4.133244	-0.000262	1.006314	-0.481731	
214	1.002897	0.000385	-2.156497	-0.000385	1.002897	-0.253572	
215	1.004170	-0.001395	-2.776426	0.001395	1.004170	-2.167654	
216	0.998860	-0.000600	-0.006751	0.000600	0.998860	-0.250370	
217	0.995181	0.000125	1.281593	-0.000125	0.995181	2.104914	
218	0.992380	0.001483	4.154134	-0.001483	0.992380	2.574328	
219	0.988431	0.004052	6.389139	-0.004052	0.988431	4.769925	
220	0.981551	0.005603	8.930539	-0.005603	0.981551	7.830223	
221	0.984898	0.004633	9.270829	-0.004633	0.984898	5.090906	
222	0.976361	0.000038	13.799894	-0.000038	0.976361	4.172415	
223	0.993450	-0.001128	3.935265	0.001128	0.993450	0.895211	
224	0.988115	0.000678	7.054199	-0.000678	0.988115	2.588277	
225	0.993401	0.000149	4.070632	-0.000149	0.993401	1.564064	
226	0.995818	-0.000791	2.482733	0.000791	0.995818	1.230430	
227	0.996674	-0.000885	2.191672	0.000885	0.996674	0.874665	
228	1.000376	0.000757	2.474942	-0.000757	1.000376	0.718779	
229	1.000944	0.002768	0.215930	-0.002768	1.000944	1.849562	
230	1.001772	-0.002231	1.095484	0.002231	1.001772	-1.662821	
231	1.003205	0.000433	0.958978	-0.000433	1.003205	-0.623447	
232	1.006202	-0.003502	2.382639	0.003502	1.006202	-2.962878	
233	1.005951	-0.001772	3.339328	0.001772	1.005951	-2.338767	
234	1.006212	-0.003043	3.535046	0.003043	1.006212	-2.623915	
235	1.003526	0.000133	4.596860	-0.000133	1.003526	-1.687070	
236	1.001413	0.003941	7.094926	-0.003941	1.001413	2.595082	
237	1.001093	0.001962	4.660825	-0.001962	1.001093	0.974091	
238	0.999235	0.005106	5.920885	-0.005106	0.999235	2.850265	
239	0.988083	0.006267	8.699511	-0.006267	0.988083	2.700816	
240	0.996039	0.002250	2.372672	-0.002250	0.996039	0.774300	
241	0.992993	-0.000809	3.301185	0.000809	0.992993	0.999219	
242	1.000388	0.000602	0.136463	-0.000602	1.000388	-0.117040	
243	0.994373	0.007967	2.184143	-0.007967	0.994373	3.551982	
244	1.002815	0.006404	-2.482808	-0.006404	1.002815	1.941797	
245	0.997460	0.010313	-0.524432	-0.010313	0.997460	3.316985	
246	0.988523	0.013024	0.733853	-0.013024	0.988523	7.245127	
247	0.999647	-0.000192	-0.128165	0.000192	0.999647	-0.256206	
248	1.006666	0.002918	-0.711521	-0.002918	1.006666	-0.035163	
249	1.004495	0.002992	2.103491	-0.002992	1.004495	2.248779	
250	1.003099	0.001233	0.169577	-0.001233	1.003099	-0.485847	
251	0.999871	0.002701	1.648571	-0.002701	0.999871	4.529617	
252	1.003517	0.005728	1.552401	-0.005728	1.003517	2.042018	
253	1.005766	0.003824	-1.529631	-0.003824	1.005766	0.447421	
254	1.004409	0.001002	-2.749447	-0.001002	1.004409	2.811313	
255	1.009225	-0.000273	-6.383705	0.000273	1.009225	-3.053038	
256	1.005571	0.001376	-3.350983	-0.001376	1.005571	-0.373852	
257	1.008064	-0.001940	-7.836696	0.001940	1.008064	-2.993164	
258	1.004327	-0.002572	-5.881902	0.002572	1.004327	-1.075071	
259	1.006516	-0.004316	-11.731114	0.004316	1.006516	-0.534107	
260	1.008309	-0.004014	-11.820512	0.004014	1.008309	-0.528086	
261	1.006915	-0.002062	-11.992045	0.002062	1.006915	-1.088742	
262	1.008457	0.000470	-9.976879	-0.000470	1.008457	-1.720905	
263	1.010546	0.000161	-7.699312	-0.000161	1.010546	-2.903886	
264	1.011188	0.001126	-12.099516	-0.001126	1.011188	-1.748872	
265	1.008037	-0.002071	-6.586393	0.002071	1.008037	-3.582555	
266	1.013996	-0.000615	-12.225675	0.000615	1.013996	-10.663900	
267	1.003482	0.002428	-3.712228	-0.002428	1.003482	-5.030133	
268	1.005918	0.003314	-7.775369	-0.003314	1.005918	-4.529222	
269	0.994373	-0.031281	0.395943	0.031281	0.994373	-28.311747	
270	1.012346	-0.000148	-8.711925	0.000148	1.012346	-27.743906	
271	1.033427	-0.002599	-18.147017	0.002599	1.033427	-39.247177	
272	1.012534	0.003511	-7.403627	-0.003511	1.012534	-3.948221	
273	0.992431	0.025038	-3.754919	-0.025038	0.992431	25.295035	
274	0.993868	0.017165	-5.180609	-0.017165	0.993868	26.101621	
275	0.989514	0.009694	1.340920	-0.009694	0.989514	34.075170	
276	1.001238	0.003659	-7.024194	-0.003659	1.001238	12.778412	
277	1.011644	0.012935	-15.457425	-0.012935	1.011644	5.443277	
278	1.029334	0.019434	-28.947127	-0.019434	1.029334	16.822492	
279	0.994961	0.011181	-19.922156	-0.011181	0.994961	4.570698	
280	1.010111	0.009304	-33.369458	-0.009304	1.010111	-12.244180	
281	1.039683	-0.033137	-24.448708	0.033137	1.039683	-4.524832	
282	1.005659	-0.026636	4.760330	0.026636	1.005659	6.745572	
283	0.998190	-0.016738	11.672356	0.016738	0.998190	-2.853457	
284	1.011710	0.008513	6.591972	-0.008513	1.011710	-5.479714	
285	1.023932	0.010340	1.501181	-0.010340	1.023932	0.571866	
286	1.018599	0.007853	3.014198	-0.007853	1.018599	0.839267	
287	1.016642	0.004124	3.748860	-0.004124	1.016642	-2.705017	
288	1.018093	0.009133	9.034348	-0.009133	1.018093	2.771394	
289	1.007927	0.008380	15.059092	-0.008380	1.007927	1.874312	
290	1.017969	-0.001996	9.507349	0.001996	1.017969	-6.868981	
291	1.009114	-0.007076	12.034674	0.007076	1.009114	-1.269604	
292	1.017991	-0.005179	4.820527	0.005179	1.017991	-8.494220	
293	1.006425	-0.001557	10.407997	0.001557	1.006425	-2.063487	
294	1.007960	0.005189	6.684384	-0.005189	1.007960	-0.029973	
295	1.027199	0.005078	-2.436585	-0.005078	1.027199	-1.926931	
296	1.012008	0.002094	0.116508	-0.002094	1.012008	-4.336207	
297	1.023211	0.002070	-0.689165	-0.002070	1.023211	-2.576117	
298	1.047322	0.007121	-19.125978	-0.007121	1.047322	-7.596578	
299	1.027581	0.000677	-1.899216	-0.000677	1.027581	-4.496969	
300	1.008655	0.000989	-1.783738	-0.000989	1.008655	-2.449980	
301	1.009241	-0.001954	-4.610393	0.001954	1.009241	-2.740063	
302	1.003635	0.003538	-2.997625	-0.003538	1.003635	-0.262321	
303	1.010216	0.003334	-7.104710	-0.003334	1.010216	-4.131698	
304	1.010711	0.006782	-5.321316	-0.006782	1.010711	1.932547	
305	0.992932	0.005797	0.053258	-0.005797	0.992932	2.168542	
306	0.999942	0.004954	-1.887504	-0.004954	0.999942	2.011996	
307	0.992974	0.008966	0.727968	-0.008966	0.992974	3.761208	
308	0.996798	0.003772	0.233468	-0.003772	0.996798	1.051918	
309	1.000146	-0.001604	-3.446714	0.001604	1.000146	1.185914	
310	1.015250	-0.004797	-11.929173	0.004797	1.015250	-3.731000	
311	0.978221	0.019140	1.075647	-0.019140	0.978221	11.970096	
312	0.997887	0.020147	-6.459909	-0.020147	0.997887	9.113760	
313	0.992590	0.019428	-3.730533	-0.019428	0.992590	8.336225	
314	1.020141	0.007878	-10.409099	-0.007878	1.020141	3.034250	
315	1.005123	0.002513	-4.877133	-0.002513	1.005123	-2.547878	
316	0.988842	0.005059	4.673502	-0.005059	0.988842	2.131406	
317	1.004020	0.006515	1.211170	-0.006515	1.004020	1.594773	
318	1.018122	0.011003	-0.058664	-0.011003	1.018122	-2.274748	
319	1.025612	0.009419	1.914938	-0.009419	1.025612	-6.166616	
320	1.029883	0.004024	4.032166	-0.004024	1.029883	-9.243715	
321	1.035837	0.007815	2.174862	-0.007815	1.035837	-11.365090	
322	1.036109	0.012328	1.574150	-0.012328	1.036109	-3.570972	
323	1.004815	0.004391	-0.126958	-0.004391	1.004815	-3.297208	
324	1.038283	0.005927	-3.656651	-0.005927	1.038283	-7.270680	
325	1.008843	0.002606	-4.763465	-0.002606	1.008843	-0.161763	
326	1.037223	0.009955	-10.727747	-0.009955	1.037223	-4.953596	
327	0.999456	0.009104	4.928335	-0.009104	0.999456	5.302274	
328	1.006076	-0.009951	4.160396	0.009951	1.006076	-5.855135	
329	1.036082	0.002712	-14.515902	-0.002712	1.036082	-1.827485	
330	1.035585	0.001957	-11.823432	-0.001957	1.035585	-5.692059	
331	1.045554	0.005173	-19.108666	-0.005173	1.045554	-9.059982	
332	1.023273	0.004274	-9.804137	-0.004274	1.023273	-1.379303	
333	1.013670	-0.002553	-14.777618	0.002553	1.013670	-4.686157	
334	1.011310	-0.001026	-7.930236	0.001026	1.011310	-0.493472	
335	1.033387	0.005134	-15.933085	-0.005134	1.033387	-7.519938	
336	1.005829	0.005590	-7.684781	-0.005590	1.005829	-4.794117	
337	1.008302	0.004171	-7.753229	-0.004171	1.008302	3.590433	
338	1.012763	0.003140	-6.080573	-0.003140	1.012763	-1.091694	
339	1.004956	0.004204	-6.147739	-0.004204	1.004956	-1.117614	
340	1.005307	0.001492	-3.051297	-0.001492	1.005307	0.954996	
341	1.019006	0.002796	-1.626685	-0.002796	1.019006	-3.667343	
342	1.010389	0.004258	-0.939430	-0.004258	1.010389	3.707256	
343	1.018609	0.005687	-2.897354	-0.005687	1.018609	-0.508076	
344	1.008506	-0.000782	-1.325723	0.000782	1.008506	-4.123046	
345	1.003099	0.002953	4.037181	-0.002953	1.003099	7.049601	
346	1.019957	0.010743	3.108154	-0.010743	1.019957	-0.343016	
347	1.005949	0.007301	1.525681	-0.007301	1.005949	-2.108525	
348	1.007373	-0.005797	-0.089021	0.005797	1.007373	-0.293355	
349	1.006538	-0.003712	-0.636167	0.003712	1.006538	-1.505032	
350	1.010088	-0.003870	-0.402513	0.003870	1.010088	-4.366498	
351	1.002913	0.000962	1.898095	-0.000962	1.002913	-1.641373	
352	1.002540	0.004146	2.820881	-0.004146	1.002540	-3.751383	
353	0.994940	0.007039	3.863421	-0.007039	0.994940	6.201513	
354	1.001844	0.005031	2.081719	-0.005031	1.001844	5.134450	
355	1.010003	0.005011	-3.895826	-0.005011	1.010003	-6.546235	
356	1.011821	0.000293	-5.973317	-0.000293	1.011821	-4.170041	
357	1.001167	-0.002680	0.044246	0.002680	1.001167	3.392276	
358	0.992895	-0.001598	-1.671879	0.001598	0.992895	25.137349	
359	1.003043	0.004796	-1.385403	-0.004796	1.003043	8.531738	
360	1.008327	0.002845	-9.669151	-0.002845	1.008327	-6.398883	
361	1.017208	-0.006545	-10.954510	0.006545	1.017208	-10.345551	
362	1.009357	0.002023	-2.184521	-0.002023	1.009357	1.796016	
363	1.011645	0.003842	-5.333239	-0.003842	1.011645	5.567880	
364	1.004263	0.002959	-5.151161	-0.002959	1.004263	4.431803	
365	1.024542	-0.016983	-11.792796	0.016983	1.024542	-19.966329	
366	1.008710	-0.007176	3.800402	0.007176	1.008710	-11.491369	
367	1.002371	0.003447	6.320062	-0.003447	1.002371	1.489502	
368	0.992990	0.016420	7.379564	-0.016420	0.992990	10.893934	
369	1.002837	0.007321	-2.833360	-0.007321	1.002837	2.890528	
370	1.009468	0.000735	-2.823440	-0.000735	1.009468	-2.975511	
371	1.003304	-0.000090	2.875694	0.000090	1.003304	-1.540935	
372	1.006507	0.009593	2.306073	-0.009593	1.006507	1.661807	
373	1.002379	0.007831	3.152581	-0.007831	1.002379	2.757790	
374	1.004043	0.003827	0.554730	-0.003827	1.004043	-1.353437	
375	1.006410	0.000102	-0.869340	-0.000102	1.006410	-2.231089	
376	1.001946	-0.001836	0.024160	0.001836	1.001946	-2.445329	
377	1.003651	0.000027	-1.400411	-0.000027	1.003651	-0.341798	
378	1.003787	0.000774	-2.890146	-0.000774	1.003787	-2.790626	
379	1.003524	0.001252	-4.002593	-0.001252	1.003524	2.738993	
380	1.005681	0.002525	-4.808395	-0.002525	1.005681	2.872046	
381	1.009628	0.003358	-7.406781	-0.003358	1.009628	-2.628870	
382	1.006546	0.002497	-7.708403	-0.002497	1.006546	1.555720	
383	1.012574	0.001396	-13.506651	-0.001396	1.012574	-5.629768	
384	1.006250	0.003014	-4.644678	-0.003014	1.006250	-1.856727	
385	1.008507	0.002158	-9.689736	-0.002158	1.008507	-1.358166	
386	1.008867	0.000047	-10.671578	-0.000047	1.008867	-3.940434	
387	1.004770	0.000676	-6.406847	-0.000676	1.004770	0.754231	
388	1.005209	0.002092	-8.522258	-0.002092	1.005209	4.924200	
389	1.008202	0.001858	-11.414526	-0.001858	1.008202	-4.788001	
390	1.010088	-0.000849	-15.117746	0.000849	1.010088	-4.197181	
391	1.007125	-0.000702	-9.199952	0.000702	1.007125	-2.467128	
392	1.007133	0.001229	-9.774414	-0.001229	1.007133	2.513301	
393	1.005793	0.002027	-2.101668	-0.002027	1.005793	0.133370	
394	1.010375	-0.000798	-10.048568	0.000798	1.010375	-6.358698	
395	1.006896	-0.005293	-6.764557	0.005293	1.006896	-0.086558	
396	1.006559	-0.005966	-5.543318	0.005966	1.006559	-0.716415	
397	1.005848	0.003697	-4.598815	-0.003697	1.005848	1.539636	
398	1.007245	0.004467	-5.367750	-0.004467	1.007245	-2.645735	
399	1.008179	-0.001672	-7.215452	0.001672	1.008179	-3.764632	
400	1.008007	-0.006535	-7.783203	0.006535	1.008007	-2.764828	
401	1.010138	-0.002295	-7.715611	0.002295	1.010138	-6.971529	
402	1.006476	0.006372	-4.448351	-0.006372	1.006476	3.151603	
403	1.008503	0.004936	-4.752390	-0.004936	1.008503	-1.680094	
404	1.009036	-0.001200	-4.382520	0.001200	1.009036	-4.519891	
405	1.006755	-0.002727	-3.092307	0.002727	1.006755	-2.795107	
406	1.009209	0.000205	-4.763874	-0.000205	1.009209	-4.519053	
407	1.004807	0.002517	-2.586232	-0.002517	1.004807	-1.081747	
408	1.007133	0.005926	-4.470390	-0.005926	1.007133	-1.931361	
409	1.009462	0.002987	-9.620381	-0.002987	1.009462	-2.285486	
410	1.006124	-0.002931	-7.125917	0.002931	1.006124	-2.843025	
411	1.008638	-0.002197	-9.502114	0.002197	1.008638	-0.583278	
412	1.005245	0.002969	-4.298563	-0.002969	1.005245	-1.857413	
413	1.006780	0.004310	-9.323039	-0.004310	1.006780	1.369258	
414	1.006457	-0.001516	-9.035256	0.001516	1.006457	-1.490058	
415	1.005253	-0.003487	-7.370330	0.003487	1.005253	1.097450	
416	1.003090	-0.002736	-3.849384	0.002736	1.003090	1.163868	
417	1.009823	0.001425	-7.890759	-0.001425	1.009823	-5.202358	
418	1.003340	0.002062	-3.536846	-0.002062	1.003340	0.441159	
419	1.007512	0.000348	-7.834031	-0.000348	1.007512	-3.856680	
420	1.010079	-0.004312	-10.507745	0.004312	1.010079	-2.218166	
421	1.000019	-0.003723	-4.373226	0.003723	1.000019	-2.707817	
422	1.007651	-0.000773	-7.207241	0.000773	1.007651	-3.860283	
423	1.007447	0.000986	-7.288921	-0.000986	1.007447	-0.762242	
424	1.009996	-0.000016	-10.080216	0.000016	1.009996	-4.986661	
425	1.004174	-0.002233	-5.678009	0.002233	1.004174	-3.328693	
426	1.009115	-0.002929	-8.333159	0.002929	1.009115	-4.596192	
427	1.004734	-0.001601	-6.724863	0.001601	1.004734	-3.555872	
428	1.004774	-0.002922	-6.799434	0.002922	1.004774	-1.647751	
429	1.004924	-0.006323	-6.031966	0.006323	1.004924	-1.866771	
430	1.003776	-0.002928	-3.732670	0.002928	1.003776	-3.101394	
431	1.006466	0.001356	-4.646890	-0.001356	1.006466	-2.273233	
432	1.002712	0.001155	-3.469322	-0.001155	1.002712	0.154551	
433	1.006614	-0.002773	-7.310165	0.002773	1.006614	-1.995913	
434	1.003126	-0.003109	-3.183051	0.003109	1.003126	-2.581645	
435	1.001050	-0.000594	-3.620113	0.000594	1.001050	-3.228378	
436	1.003884	0.001573	-2.799445	-0.001573	1.003884	0.531461	
437	1.009102	-0.000333	-5.779754	0.000333	1.009102	-2.484537	
438	1.002271	-0.004386	-2.617610	0.004386	1.002271	-2.614231	
439	0.985236	-0.009698	-1.268933	0.009698	0.985236	-0.852993	
440	1.012253	-0.016925	-5.496788	0.016925	1.012253	-7.201063	
441	0.990863	-0.013226	3.436871	0.013226	0.990863	-3.497000	
442	0.988325	-0.008838	2.692050	0.008838	0.988325	-4.226113	
443	1.019436	-0.008796	-6.943512	0.008796	1.019436	-3.768233	
444	1.003855	0.001403	0.533304	-0.001403	1.003855	0.144500	
445	0.992573	-0.000000	3.399075	0.000000	0.992573	-0.433303	
446	1.001122	-0.005857	1.650273	0.005857	1.001122	0.862099	
447	0.988791	-0.010630	4.801832	0.010630	0.988791	-3.834616	
448	0.990819	-0.000408	5.571686	0.000408	0.990819	3.444451	
449	0.988342	-0.001658	11.220325	0.001658	0.988342	0.334275	
450	0.993431	0.001790	5.819207	-0.001790	0.993431	3.668614	
451	0.992717	-0.003109	9.732730	0.003109	0.992717	-0.461720	
452	0.997326	-0.000028	8.278763	0.000028	0.997326	-2.991981	
453	0.991671	-0.003535	11.441706	0.003535	0.991671	3.924322	
454	0.992003	-0.002761	9.733405	0.002761	0.992003	-3.113533	
455	0.995245	0.001516	6.784707	-0.001516	0.995245	2.912638	
456	0.995029	-0.002773	9.907593	0.002773	0.995029	2.289482	
457	0.999836	0.003517	5.831196	-0.003517	0.999836	-2.394971	
458	0.988074	0.001784	11.076982	-0.001784	0.988074	8.263101	
459	0.996881	0.001479	3.287569	-0.001479	0.996881	-1.511462	
460	1.004355	0.005985	3.395202	-0.005985	1.004355	-1.605776	
461	0.999596	0.002631	1.047624	-0.002631	0.999596	2.360950	
462	1.005934	0.001980	-1.277626	-0.001980	1.005934	4.409047	
463	1.008024	-0.002126	-4.851726	0.002126	1.008024	-3.613654	
464	1.007512	-0.002631	-4.643165	0.002631	1.007512	-4.170865	
465	1.001522	-0.001137	-1.421516	0.001137	1.001522	-1.490202	
466	0.999921	-0.003285	1.388984	0.003285	0.999921	-2.107727	
467	1.008690	-0.007157	-3.725188	0.007157	1.008690	-8.143998	
468	1.006677	-0.006344	-2.370532	0.006344	1.006677	-5.851511	
469	0.998851	0.004486	2.399366	-0.004486	0.998851	2.538987	
470	1.000579	0.004333	2.655221	-0.004333	1.000579	0.714009	
471	1.003655	0.005246	0.440679	-0.005246	1.003655	-1.659254	
472	1.010947	-0.007567	-4.854398	0.007567	1.010947	-7.708440	
473	1.004966	-0.003391	-0.094530	0.003391	1.004966	-3.193377	
474	1.002196	0.008143	2.737465	-0.008143	1.002196	2.274893	
475	1.000691	0.005824	1.940973	-0.005824	1.000691	4.795160	
476	1.010436	0.001264	-2.552635	-0.001264	1.010436	-0.883663	
477	1.008391	0.000198	-4.622505	-0.000198	1.008391	-2.401453	
478	1.006063	-0.002191	-4.901618	0.002191	1.006063	3.543952	
479	1.006477	0.003907	-4.245425	-0.003907	1.006477	2.401231	
480	1.007057	-0.001855	-6.278005	0.001855	1.007057	-6.694135	
481	1.003990	-0.008011	-8.113902	0.008011	1.003990	-4.789715	
482	1.001692	-0.006283	-5.672969	0.006283	1.001692	3.479068	
483	1.008184	0.001153	-7.397095	-0.001153	1.008184	1.723878	
484	1.008122	0.007864	-4.304277	-0.007864	1.008122	4.175787	
485	1.008744	0.007741	-5.831598	-0.007741	1.008744	0.293984	
486	1.005379	-0.003001	-6.607092	0.003001	1.005379	0.277047	
487	0.993242	-0.000426	1.379698	0.000426	0.993242	0.641649	
488	1.004467	-0.003884	-3.027280	0.003884	1.004467	-5.127461	
489	1.014957	-0.014273	-5.900497	0.014273	1.014957	-8.104166	
490	1.001862	-0.002469	-1.319738	0.002469	1.001862	0.810344	
491	1.011843	0.006373	-5.194259	-0.006373	1.011843	-1.389564	
492	1.024945	0.017318	-10.313984	-0.017318	1.024945	5.910887	
493	1.017203	0.011671	-9.765805	-0.011671	1.017203	6.011823	
494	1.012944	-0.008880	-2.395036	0.008880	1.012944	-11.204461	
495	1.005112	-0.007928	1.215704	0.007928	1.005112	-3.808978	
496	1.001873	-0.007926	1.982525	0.007926	1.001873	-3.996546	
497	1.010615	-0.005213	-1.482897	0.005213	1.010615	-4.653131	
498	1.012142	0.008132	-2.378090	-0.008132	1.012142	-0.416383	
499	1.002388	0.021489	1.353938	-0.021489	1.002388	9.858513	
500	1.009294	0.005701	0.860880	-0.005701	1.009294	-0.083368	
501	1.009632	-0.000441	1.366070	0.000441	1.009632	0.065341	
502	1.006962	-0.009684	2.143148	0.009684	1.006962	-10.055234	
503	0.980434	-0.008144	13.808207	0.008144	0.980434	-5.137742	
504	0.987252	0.002800	6.760947	-0.002800	0.987252	3.316834	
505	0.996385	0.016023	0.580303	-0.016023	0.996385	4.780811	
506	1.002924	0.018158	-1.885715	-0.018158	1.002924	10.518833	
507	1.004538	0.006173	1.395786	-0.006173	1.004538	0.698736	
508	1.007455	-0.003587	0.403985	0.003587	1.007455	-6.359006	
509	1.001947	-0.004019	1.751642	0.004019	1.001947	2.326702	
510	1.003732	0.000155	2.256546	-0.000155	1.003732	-1.054324	
511	1.003205	0.005508	3.353118	-0.005508	1.003205	6.497864	
512	1.002990	0.006202	6.530785	-0.006202	1.002990	4.697347	
513	1.005478	-0.000483	-0.971269	0.000483	1.005478	-3.787452	
514	1.007253	-0.003462	0.693946	0.003462	1.007253	-0.532047	
515	1.004909	-0.004398	2.544013	0.004398	1.004909	-2.234035	
516	0.995499	-0.002537	4.304287	0.002537	0.995499	1.885809	
517	1.000125	-0.004025	1.109693	0.004025	1.000125	-0.412048	
518	1.012820	-0.005603	-3.664694	0.005603	1.012820	-6.212936	
519	1.007880	-0.001791	-0.000393	0.001791	1.007880	-2.724038	
520	1.002402	0.012479	6.163940	-0.012479	1.002402	1.383128	
521	1.019575	0.004523	0.996377	-0.004523	1.019575	0.608081	
522	1.022584	0.003131	-5.934942	-0.003131	1.022584	-6.292883	
523	1.017540	-0.009416	-6.618173	0.009416	1.017540	-12.178678	
524	1.005742	0.000037	2.120685	-0.000037	1.005742	0.194076	
525	1.009740	0.003068	0.962226	-0.003068	1.009740	-3.348329	
526	1.011509	0.001877	-6.119402	-0.001877	1.011509	-4.652719	
527	1.003280	-0.006280	-0.090019	0.006280	1.003280	8.836124	
528	1.003433	-0.001390	-0.090870	0.001390	1.003433	4.509824	
529	1.010464	0.001126	-4.690557	-0.001126	1.010464	-1.055978	
530	1.004341	0.003492	-2.436937	-0.003492	1.004341	2.096341	
531	1.007526	0.006725	-5.985094	-0.006725	1.007526	-1.582049	
532	1.010275	-0.002035	-8.883011	0.002035	1.010275	-7.340428	
533	1.012694	-0.014306	-14.240598	0.014306	1.012694	-8.927459	
534	1.008229	-0.008183	-6.433750	0.008183	1.008229	-4.175758	
535	1.004564	-0.001373	-0.294035	0.001373	1.004564	-1.948188	
536	1.009360	-0.003126	-2.184393	0.003126	1.009360	-7.925673	
537	1.003287	-0.002955	-0.185733	0.002955	1.003287	-0.041817	
538	1.005344	0.001214	3.341876	-0.001214	1.005344	-2.343109	
539	1.008056	0.006046	1.399905	-0.006046	1.008056	1.773441	
540	1.003888	0.011061	6.698204	-0.011061	1.003888	2.433549	
541	1.006017	0.001155	5.084720	-0.001155	1.006017	0.444526	
542	1.004954	-0.004589	4.331254	0.004589	1.004954	1.568543	
543	1.006569	-0.010141	5.030829	0.010141	1.006569	-6.783327	
544	1.004417	-0.001806	4.808009	0.001806	1.004417	-1.781761	
545	1.002778	0.005842	8.203781	-0.005842	1.002778	1.055507	
546	1.007817	0.006033	4.741093	-0.006033	1.007817	-3.323460	
547	1.006909	0.004969	4.776940	-0.004969	1.006909	1.417052	
548	1.007903	0.003116	2.366812	-0.003116	1.007903	-1.469576	
549	1.018237	0.004051	-0.130701	-0.004051	1.018237	-13.673716	
550	1.009664	-0.000856	-2.354085	0.000856	1.009664	-4.165521	
551	1.010606	-0.001302	-2.715558	0.001302	1.010606	4.728243	
552	1.007032	-0.003505	-0.267744	0.003505	1.007032	-0.183898	
553	1.010345	0.001793	-1.637967	-0.001793	1.010345	1.498123	
554	1.011574	0.005698	-0.543651	-0.005698	1.011574	-3.093393	
555	1.006088	0.003716	-1.263770	-0.003716	1.006088	3.370062	
556	1.008540	-0.004649	-0.313631	0.004649	1.008540	6.753102	
557	1.010104	-0.003511	-3.028570	0.003511	1.010104	-4.963769	
558	1.009509	0.015082	2.291870	-0.015082	1.009509	-3.997746	
559	1.006914	0.008410	-3.326856	-0.008410	1.006914	1.119179	
560	1.015481	-0.009974	-11.773726	0.009974	1.015481	-9.945182	
561	1.014132	-0.008876	-9.071144	0.008876	1.014132	-9.546671	
562	1.008944	-0.005663	-2.388033	0.005663	1.008944	-1.072203	
563	1.003870	-0.000869	-1.414825	0.000869	1.003870	0.130353	
564	1.005382	0.010583	0.120212	-0.010583	1.005382	2.636248	
565	1.005927	0.002977	-0.575071	-0.002977	1.005927	1.294271	
566	1.011626	0.001643	-1.439038	-0.001643	1.011626	-0.035690	
567	1.009735	0.005119	-1.528591	-0.005119	1.009735	0.410263	
568	1.013978	0.005633	-1.334270	-0.005633	1.013978	-3.213625	
569	1.012392	0.006423	-1.660481	-0.006423	1.012392	-1.329212	
570	1.005620	-0.000034	0.357391	0.000034	1.005620	1.271528	
571	1.013960	-0.002492	-4.171512	0.002492	1.013960	-4.231962	
572	1.022436	0.000723	-4.203722	-0.000723	1.022436	0.919927	
573	1.008387	0.005500	-0.596493	-0.005500	1.008387	1.316186	
574	1.010713	0.004596	-1.553364	-0.004596	1.010713	-0.427432	
575	1.012133	0.000301	-2.822587	-0.000301	1.012133	-2.396558	
576	1.007779	0.000511	-0.965842	-0.000511	1.007779	-2.175478	
577	1.008309	0.003411	0.654977	-0.003411	1.008309	-2.358136	
578	1.012532	0.001364	-1.825686	-0.001364	1.012532	-11.065709	
579	1.011182	0.002418	-4.984020	-0.002418	1.011182	-3.431803	
580	1.007101	0.000390	0.199969	-0.000390	1.007101	2.701082	
581	0.997543	0.000058	-0.900658	-0.000058	0.997543	2.054029	
582	0.989965	-0.003872	3.647778	0.003872	0.989965	8.616033	
583	1.009070	-0.009288	-1.533702	0.009288	1.009070	-3.676158	
584	1.013107	-0.002433	-6.152664	0.002433	1.013107	-7.669982	
585	1.003875	0.000085	1.462877	-0.000085	1.003875	3.124446	
586	1.009997	0.004565	-8.607104	-0.004565	1.009997	-3.673653	
587	1.004511	-0.001353	-6.699192	0.001353	1.004511	2.531952	
588	1.013814	-0.008851	-22.198368	0.008851	1.013814	-5.239681	
589	0.999780	-0.003252	-10.721534	0.003252	0.999780	-5.054279	
590	1.012847	0.001445	-15.490461	-0.001445	1.012847	-3.400952	
591	1.005033	-0.003064	-12.608701	0.003064	1.005033	4.599191	
592	1.008843	-0.006098	-15.592298	0.006098	1.008843	-9.328783	
593	1.008650	-0.002364	-9.661811	0.002364	1.008650	-5.898550	
594	1.008895	-0.004881	-9.076832	0.004881	1.008895	1.190739	
595	1.005171	-0.007910	-5.659553	0.007910	1.005171	-2.933992	
596	1.010267	-0.008129	-7.264444	0.008129	1.010267	-4.319557	
597	1.008386	-0.001176	-4.469943	0.001176	1.008386	1.355314	
598	1.007344	-0.001191	-3.777875	0.001191	1.007344	-1.875240	
599	1.013902	-0.000823	-4.551999	0.000823	1.013902	-0.062488	
600	1.005244	0.000412	-0.981764	-0.000412	1.005244	-0.222951	
601	1.013007	0.004188	-2.677069	-0.004188	1.013007	-3.903183	
602	1.011910	0.000868	-2.447468	-0.000868	1.011910	0.408291	
603	1.012659	-0.000752	-1.842404	0.000752	1.012659	-3.752144	
604	1.009371	0.001829	-0.717119	-0.001829	1.009371	-2.730397	
605	1.011205	-0.000478	-0.227886	0.000478	1.011205	-4.568824	
606	1.016913	-0.003002	-1.985836	0.003002	1.016913	-8.306833	
607	1.014516	-0.002041	-1.401793	0.002041	1.014516	-0.325778	
608	1.018007	0.003487	0.404133	-0.003487	1.018007	-7.611625	
609	1.013084	0.005675	1.178230	-0.005675	1.013084	-0.354406	
610	1.013915	0.001865	-1.984662	-0.001865	1.013915	3.120991	
611	1.020153	0.003013	-3.061474	-0.003013	1.020153	-5.932753	
612	1.017286	-0.002767	-6.493940	0.002767	1.017286	-9.026574	
613	1.023482	-0.008134	-7.312589	0.008134	1.023482	-5.767824	
614	1.017384	-0.003173	-2.912135	0.003173	1.017384	-2.794124	
615	1.026717	0.007822	-4.260928	-0.007822	1.026717	-3.265067	
616	1.020141	0.004971	-3.914380	-0.004971	1.020141	-8.987336	
617	1.027493	-0.002817	-10.243016	0.002817	1.027493	-8.863842	
618	1.027043	-0.009887	-10.375202	0.009887	1.027043	-7.056670	
619	1.014530	-0.000946	-4.397525	0.000946	1.014530	-0.763361	
620	1.001838	0.006439	2.138656	-0.006439	1.001838	9.386593	
621	1.014915	0.013470	1.124983	-0.013470	1.014915	7.606206	
622	1.021987	0.006271	-7.808648	-0.006271	1.021987	1.266458	
623	1.026165	0.003299	-8.081048	-0.003299	1.026165	-2.077665	
624	1.025528	0.005801	-3.991441	-0.005801	1.025528	-6.662463	
625	1.024718	0.006112	-2.547553	-0.006112	1.024718	-4.575220	
626	1.009725	-0.003841	-3.886668	0.003841	1.009725	-8.104571	
627	1.012417	-0.005934	-0.578290	0.005934	1.012417	-7.767341	
628	0.999406	0.001290	8.208019	-0.001290	0.999406	7.487592	
629	1.008812	0.006573	7.859523	-0.006573	1.008812	2.900605	
630	1.010288	0.003850	3.207993	-0.003850	1.010288	-0.831886	
631	1.007662	0.002905	0.448518	-0.002905	1.007662	1.043853	
632	1.017983	0.001739	0.181540	-0.001739	1.017983	-1.939579	
633	1.006948	0.008683	4.975072	-0.008683	1.006948	-1.539276	
634	1.005490	0.004426	3.615514	-0.004426	1.005490	0.528561	
635	1.014582	-0.004610	-4.396908	0.004610	1.014582	-4.942604	
636	1.014628	-0.005160	-4.720325	0.005160	1.014628	-5.120364	
637	1.007293	0.003182	-2.557486	-0.003182	1.007293	-1.678600	
638	1.010821	0.002741	-6.132472	-0.002741	1.010821	-1.321323	
639	1.011572	-0.002433	-8.769668	0.002433	1.011572	-2.463900	
640	1.016545	-0.004578	-11.974729	0.004578	1.016545	-2.590241	
641	1.007318	0.001239	-5.225622	-0.001239	1.007318	0.593626	
642	1.006152	0.004974	-5.683559	-0.004974	1.006152	-0.058555	
643	1.003817	0.004062	-6.115501	-0.004062	1.003817	4.151904	
644	1.010592	-0.005287	-8.250340	0.005287	1.010592	-4.822936	
645	1.020892	-0.005750	-11.413154	0.005750	1.020892	-5.317640	
646	1.013356	-0.005098	-5.522828	0.005098	1.013356	-1.635008	
647	1.006587	-0.002343	-1.828611	0.002343	1.006587	0.119623	
648	1.003665	0.008898	-2.440550	-0.008898	1.003665	3.661583	
649	1.007402	-0.001649	-4.147399	0.001649	1.007402	-2.665237	
650	1.012739	-0.003511	-11.169738	0.003511	1.012739	-10.799769	
651	1.007554	-0.004204	-3.927783	0.004204	1.007554	1.539431	
652	1.003815	-0.003903	-1.002486	0.003903	1.003815	5.090686	
653	1.012935	-0.001227	-5.463530	0.001227	1.012935	-9.196166	
654	1.008229	0.001770	-0.604928	-0.001770	1.008229	-1.377221	
655	1.009070	0.000570	-1.049659	-0.000570	1.009070	-2.035693	
656	1.007506	0.005969	1.211393	-0.005969	1.007506	-6.950103	
657	1.000628	0.007685	2.575026	-0.007685	1.000628	0.746409	
658	1.002827	0.009920	2.425724	-0.009920	1.002827	0.949157	
659	1.007444	-0.004960	-6.771543	0.004960	1.007444	1.951573	
660	1.004643	0.001566	-1.522118	-0.001566	1.004643	-1.534953	
661	1.006863	-0.001860	-3.838332	0.001860	1.006863	-0.743447	
662	1.006213	-0.000408	-1.074913	0.000408	1.006213	-1.154604	
663	1.007836	-0.000887	-1.114550	0.000887	1.007836	-0.724968	
664	1.006304	0.003886	1.484973	-0.003886	1.006304	-3.101917	
665	1.008082	-0.000289	-1.298253	0.000289	1.008082	-3.841702	
666	1.005397	-0.000260	0.499017	0.000260	1.005397	-2.151552	
667	0.995600	0.002890	5.670031	-0.002890	0.995600	3.653367	
668	1.009610	-0.000403	-0.967006	0.000403	1.009610	-7.089429	
669	1.002519	0.002194	2.538262	-0.002194	1.002519	-0.128844	
670	1.006466	-0.004235	-1.483285	0.004235	1.006466	4.716225	
671	0.999997	-0.007657	-0.235927	0.007657	0.999997	8.738405	
672	1.012507	0.001950	0.615220	-0.001950	1.012507	-12.906381	
673	1.009506	0.004182	-7.452231	-0.004182	1.009506	-7.062766	
674	1.001592	-0.009143	-5.617858	0.009143	1.001592	2.563266	
675	1.002069	-0.008829	-3.050207	0.008829	1.002069	0.902960	
676	1.005046	-0.000353	0.770050	0.000353	1.005046	-1.918082	
677	1.006152	0.002766	-5.445181	-0.002766	1.006152	-2.647547	
678	1.001284	0.001511	-0.694131	-0.001511	1.001284	4.677555	
679	1.000795	-0.001647	-0.612661	0.001647	1.000795	2.452741	
680	1.004302	-0.004189	-4.629081	0.004189	1.004302	-3.681818	
681	1.008888	-0.005036	-4.536434	0.005036	1.008888	-5.068400	
682	1.006299	-0.003697	-1.881529	0.003697	1.006299	-1.547069	
683	1.009309	-0.001512	-3.268131	0.001512	1.009309	-5.941846	
684	1.006629	-0.000675	-0.772051	0.000675	1.006629	-2.733640	
685	1.010794	0.000183	-4.431365	-0.000183	1.010794	-4.181421	
686	1.005900	-0.000293	-2.515688	0.000293	1.005900	-1.772032	
687	1.008452	-0.000478	-7.218806	0.000478	1.008452	-4.320271	
688	1.005555	0.001890	-3.212649	-0.001890	1.005555	1.481252	
689	1.005973	0.002089	-2.864997	-0.002089	1.005973	-0.489272	
690	1.006909	0.003541	-2.914146	-0.003541	1.006909	0.542584	
691	1.003766	0.002196	-1.641852	-0.002196	1.003766	1.209433	
692	1.007907	0.002666	0.011002	-0.002666	1.007907	-6.585963	
693	1.005735	-0.001115	-1.735924	0.001115	1.005735	-4.811615	
694	1.004468	-0.002550	-2.597100	0.002550	1.004468	-3.602414	
695	0.998452	0.003518	1.776382	-0.003518	0.998452	6.966474	
696	1.005794	0.001466	0.311953	-0.001466	1.005794	-0.224162	
697	1.008202	0.001218	-3.970418	-0.001218	1.008202	-3.585428	
698	1.001960	-0.001698	-0.521188	0.001698	1.001960	4.685673	
699	1.000166	-0.004367	2.293508	0.004367	1.000166	5.207212	
700	1.017346	-0.010910	-8.685832	0.010910	1.017346	-15.043055	
701	1.005175	-0.007584	-5.932779	0.007584	1.005175	-3.990559	
702	1.002717	0.001054	-1.994564	-0.001054	1.002717	2.512977	
703	1.003295	0.005355	-5.015305	-0.005355	1.003295	1.241533	
704	1.006584	0.003013	-6.963997	-0.003013	1.006584	-4.219688	
705	1.003376	-0.002060	-6.339083	0.002060	1.003376	-2.545886	
706	1.000528	-0.006907	-4.051933	0.006907	1.000528	-0.252732	
707	1.008465	-0.005578	-6.026140	0.005578	1.008465	-3.457165	
708	1.003449	-0.008008	-2.142334	0.008008	1.003449	-2.854589	
709	1.003700	-0.005806	-0.963891	0.005806	1.003700	-2.278418	
710	0.993461	-0.007711	0.614362	0.007711	0.993461	-3.214184	
711	0.996041	-0.011436	-0.468302	0.011436	0.996041	-2.006573	
712	1.013376	-0.006582	-1.545990	0.006582	1.013376	-6.183289	
713	0.997870	-0.004564	4.801121	0.004564	0.997870	-0.604396	
714	1.000585	-0.007667	5.732971	0.007667	1.000585	-3.282951	
715	1.002334	-0.011272	6.162839	0.011272	1.002334	-0.478514	
716	1.003727	-0.007271	5.910394	0.007271	1.003727	-1.597564	
717	1.004163	-0.004012	4.949331	0.004012	1.004163	1.755272	
718	1.005647	-0.002303	3.317211	0.002303	1.005647	0.813633	
719	0.999685	-0.001604	5.180748	0.001604	0.999685	-0.059035	
720	1.013539	-0.006682	1.425220	0.006682	1.013539	-6.062922	
721	1.004951	-0.003454	2.724842	0.003454	1.004951	-0.623556	
722	1.004435	-0.004581	5.795303	0.004581	1.004435	0.858638	
723	1.009434	-0.003692	0.973853	0.003692	1.009434	-2.281033	
724	1.002512	-0.004665	2.496727	0.004665	1.002512	-4.377548	
725	0.997605	0.002428	3.058963	-0.002428	0.997605	2.236986	
726	1.001714	-0.000546	0.536721	0.000546	1.001714	-3.398969	
727	1.004860	0.001385	-3.809751	-0.001385	1.004860	-1.536371	
728	1.007654	-0.001924	-2.890484	0.001924	1.007654	-2.962377	
729	1.004327	-0.003425	-0.116464	0.003425	1.004327	5.239519	
730	1.006095	-0.003890	0.531761	0.003890	1.006095	2.580952	
731	1.006900	-0.005064	-1.834168	0.005064	1.006900	0.087284	
732	1.009378	-0.000431	-4.794993	0.000431	1.009378	-0.090644	
733	1.007253	-0.003212	-1.951965	0.003212	1.007253	2.031788	
734	1.011615	0.005051	-5.054625	-0.005051	1.011615	-6.627986	
735	1.011258	-0.001418	-4.686022	0.001418	1.011258	-5.787592	
736	1.009765	-0.007618	-4.059270	0.007618	1.009765	-4.757741	
737	1.007607	-0.005599	-2.230688	0.005599	1.007607	-3.565031	
738	1.011924	-0.007944	-3.766764	0.007944	1.011924	-3.242004	
739	1.007240	-0.002884	-1.076876	0.002884	1.007240	-2.121727	
740	1.008255	-0.003028	-3.009564	0.003028	1.008255	-5.947737	
741	1.008029	-0.004720	-3.056974	0.004720	1.008029	-2.746086	
742	1.006100	-0.001571	-2.711171	0.001571	1.006100	-3.903309	
743	1.006303	-0.002986	-0.105427	0.002986	1.006303	-1.805905	
744	1.008300	-0.002520	-0.677151	0.002520	1.008300	-2.987402	
745	1.011296	-0.002288	1.368186	0.002288	1.011296	0.212922	
746	1.010580	-0.001537	-2.016891	0.001537	1.010580	-3.466614	
747	1.005387	0.000484	0.075400	-0.000484	1.005387	0.003745	
748	1.002746	0.002773	1.126813	-0.002773	1.002746	3.685833	
749	1.004714	0.001994	4.831652	-0.001994	1.004714	-2.538995	
750	1.005841	0.002769	2.656289	-0.002769	1.005841	-4.230590	
751	1.006812	-0.001922	3.590499	0.001922	1.006812	-1.941467	
752	1.008386	-0.004818	1.670215	0.004818	1.008386	-3.412992	
753	1.007734	-0.006065	5.776011	0.006065	1.007734	-2.125018	
754	1.006032	0.002723	0.368032	-0.002723	1.006032	-1.357888	
755	1.000042	0.010191	3.962528	-0.010191	1.000042	3.567389	
756	1.005883	0.004892	-1.111221	-0.004892	1.005883	-1.058588	
757	1.004329	0.001420	-2.149321	-0.001420	1.004329	-1.609899	
758	1.010571	-0.002267	-3.031394	0.002267	1.010571	-0.811475	
759	1.009746	-0.002312	-2.924248	0.002312	1.009746	-4.339817	
760	1.012400	-0.001435	-2.016435	0.001435	1.012400	-3.023272	
761	1.008448	-0.001365	-0.927673	0.001365	1.008448	-4.784726	
762	1.012953	-0.000987	-6.658022	0.000987	1.012953	-11.811111	
763	1.000859	0.002285	1.645002	-0.002285	1.000859	4.940589	
764	1.002570	0.008973	0.404385	-0.008973	1.002570	7.229694	
765	1.003821	0.003541	-2.556547	-0.003541	1.003821	1.346693	
766	1.011825	-0.004922	-6.718504	0.004922	1.011825	-5.361671	
767	1.006753	-0.005865	-4.376829	0.005865	1.006753	0.657798	
768	1.006979	-0.004778	-2.164333	0.004778	1.006979	-0.893312	
769	1.004081	0.005577	-1.142592	-0.005577	1.004081	-1.386920	
770	1.006699	-0.000002	-7.353728	0.000002	1.006699	-1.257881	
771	1.005153	-0.001597	-4.342155	0.001597	1.005153	-3.373150	
772	1.007222	-0.001697	-5.016417	0.001697	1.007222	-2.944507	
773	1.005231	0.002010	-2.019436	-0.002010	1.005231	-0.290272	
774	1.003491	0.003029	-1.382500	-0.003029	1.003491	0.976356	
775	1.007729	-0.000579	-3.735111	0.000579	1.007729	1.193868	
776	1.006193	-0.002365	-2.862243	0.002365	1.006193	-0.846117	
777	1.005334	0.000212	-0.204633	-0.000212	1.005334	0.835291	
778	1.001507	0.005297	4.323118	-0.005297	1.001507	4.065651	
779	1.003722	0.001769	1.043296	-0.001769	1.003722	-0.776346	
780	1.005162	-0.003074	0.422926	0.003074	1.005162	-2.916913	
781	1.003478	-0.003608	0.173735	0.003608	1.003478	-0.087940	
782	1.002954	0.000411	0.382891	-0.000411	1.002954	-0.212481	
783	1.001725	0.001997	-0.376874	-0.001997	1.001725	3.162173	
784	1.007436	-0.001225	-4.387494	0.001225	1.007436	-2.417005	
785	1.009642	-0.005346	-6.773713	0.005346	1.009642	-2.782858	
786	1.005028	-0.002744	-4.026038	0.002744	1.005028	-0.307731	
787	1.012997	-0.003847	-6.974062	0.003847	1.012997	-2.009649	
788	1.007266	-0.003889	-8.097278	0.003889	1.007266	-0.533349	
789	1.006996	-0.004457	-7.739691	0.004457	1.006996	1.995058	
790	1.003683	-0.003199	-5.363425	0.003199	1.003683	-0.124995	
791	0.998645	-0.002323	-2.916965	0.002323	0.998645	2.418551	
792	1.006464	-0.004161	-4.693385	0.004161	1.006464	-6.283953	
793	1.009943	-0.001297	-7.096401	0.001297	1.009943	-12.229951	
794	1.004136	-0.005766	-5.204281	0.005766	1.004136	0.887702	
795	1.002252	-0.003498	-0.126773	0.003498	1.002252	3.063437	
796	1.009035	-0.000408	-6.052687	0.000408	1.009035	-7.018527	
797	1.004422	0.003162	-0.646376	-0.003162	1.004422	0.781660	
798	1.003448	0.003982	-2.444770	-0.003982	1.003448	-0.107050	
799	1.007611	0.000580	-6.567874	-0.000580	1.007611	-5.932175	
800	1.001936	-0.000963	-1.450857	0.000963	1.001936	3.201468	
801	1.005420	-0.000179	0.340383	0.000179	1.005420	-0.236853	
802	1.003561	0.000070	-0.167400	-0.000070	1.003561	0.955015	
803	1.004441	-0.000793	4.625455	0.000793	1.004441	1.443195	
804	1.008557	0.000500	3.861905	-0.000500	1.008557	-4.724051	
805	1.006661	0.000338	5.602818	-0.000338	1.006661	0.516288	
806	1.007479	-0.001163	5.272473	0.001163	1.007479	-1.779701	
807	1.006198	0.002915	4.241186	-0.002915	1.006198	-2.794588	
808	1.009033	0.012030	8.853719	-0.012030	1.009033	3.572349	
809	1.003768	0.006623	6.010655	-0.006623	1.003768	3.282334	
810	1.009074	0.006726	2.180710	-0.006726	1.009074	-3.052934	
811	1.010179	-0.000057	1.306952	0.000057	1.010179	-1.171698	
812	1.010195	-0.004397	0.970380	0.004397	1.010195	-1.891841	
813	1.012482	0.000867	-1.177064	-0.000867	1.012482	-4.542966	
814	1.007639	0.001592	-0.001516	-0.001592	1.007639	0.983823	
815	1.014097	0.001435	-3.281511	-0.001435	1.014097	-4.506756	
816	1.010665	0.000521	-2.812724	-0.000521	1.010665	-3.339185	
817	1.008321	0.007059	-2.956902	-0.007059	1.008321	-0.528760	
818	1.009000	0.005235	-2.629451	-0.005235	1.009000	0.487087	
819	1.011250	-0.002504	-7.612287	0.002504	1.011250	0.950932	
820	1.014761	-0.005810	-7.851129	0.005810	1.014761	-7.633504	
821	1.015638	-0.008381	-7.899426	0.008381	1.015638	-4.357559	
822	1.007316	-0.000822	-0.478461	0.000822	1.007316	3.040745	
823	1.013738	-0.000011	-7.626147	0.000011	1.013738	-5.030602	
824	1.014003	-0.000673	-5.591463	0.000673	1.014003	-3.370104	
825	1.013285	-0.001017	-5.160202	0.001017	1.013285	-6.832819	
826	1.015637	-0.011249	-8.860596	0.011249	1.015637	-1.718634	
827	1.009615	-0.006655	-2.733823	0.006655	1.009615	-3.223178	
828	1.014514	0.002579	-3.503089	-0.002579	1.014514	-2.947669	
829	1.005415	0.005875	-0.501475	-0.005875	1.005415	6.041598	
830	1.008668	0.000615	-5.735478	-0.000615	1.008668	-2.816566	
831	1.017088	-0.007726	-11.774651	0.007726	1.017088	-12.379829	
832	1.010776	-0.003797	-4.686527	0.003797	1.010776	-2.916388	
833	1.013388	0.001455	-4.224257	-0.001455	1.013388	-3.934564	
834	1.008827	0.001836	-1.965077	-0.001836	1.008827	-2.006286	
835	1.008719	0.001172	0.896704	-0.001172	1.008719	-1.352758	
836	1.006870	0.005276	3.302332	-0.005276	1.006870	3.009309	
