0	1.000000	0.000000	0.000000	0.000000	1.000000	0.000000	
1	1.000023	-0.000083	0.172420	0.000083	1.000023	0.019847	
2	0.999932	-0.000134	0.258088	0.000134	0.999932	-0.037707	
3	0.999916	-0.000202	0.313437	0.000202	0.999916	-0.156545	
4	0.999930	-0.000230	0.367711	0.000230	0.999930	-0.165160	
5	1.000014	-0.000214	0.215023	0.000214	1.000014	-0.180942	
6	0.999958	-0.000321	0.238700	0.000321	0.999958	-0.235192	
7	1.000001	-0.000365	0.295241	0.000365	1.000001	-0.348607	
8	0.999972	-0.000381	0.265289	0.000381	0.999972	-0.407052	
9	0.999963	-0.000295	0.269752	0.000295	0.999963	-0.241351	
10	0.999994	-0.000374	0.263387	0.000374	0.999994	-0.354259	
11	0.999999	-0.000385	0.302655	0.000385	0.999999	-0.359977	
12	1.000034	-0.000367	0.151237	0.000367	1.000034	-0.398253	
13	1.000032	-0.000319	0.201045	0.000319	1.000032	-0.309462	
14	1.000007	-0.000297	0.235613	0.000297	1.000007	-0.292532	
15	1.000035	-0.000207	0.143697	0.000207	1.000035	-0.205976	
16	1.000067	-0.000182	0.108286	0.000182	1.000067	-0.153562	
17	1.000058	-0.000206	0.164867	0.000206	1.000058	-0.140899	
18	1.000108	-0.000174	0.032768	0.000174	1.000108	-0.173946	
19	1.000088	-0.000158	0.043241	0.000158	1.000088	-0.209025	
20	1.000069	-0.000175	0.090406	0.000175	1.000069	-0.160760	
21	1.000076	-0.000264	0.130656	0.000264	1.000076	-0.321270	
22	1.000109	-0.000272	0.017507	0.000272	1.000109	-0.280357	
23	1.000130	-0.000306	0.040322	0.000306	1.000130	-0.306483	
24	1.000082	-0.000329	0.081639	0.000329	1.000082	-0.318046	
25	1.000124	-0.000308	0.097672	0.000308	1.000124	-0.309145	
26	1.000070	-0.000356	0.099079	0.000356	1.000070	-0.357730	
27	1.000087	-0.000413	0.102802	0.000413	1.000087	-0.397890	
28	1.000121	-0.000401	0.060744	0.000401	1.000121	-0.452038	
29	1.000103	-0.000298	0.074809	0.000298	1.000103	-0.294768	
30	1.000152	-0.000277	0.004247	0.000277	1.000152	-0.296017	
31	1.000078	-0.000206	0.081394	0.000206	1.000078	-0.168413	
32	1.000029	-0.000209	0.067587	0.000209	1.000029	-0.159505	
33	0.999991	-0.000187	0.206611	0.000187	0.999991	-0.136021	
34	0.999990	-0.000194	0.141951	0.000194	0.999990	-0.182086	
35	0.999967	-0.000185	0.185663	0.000185	0.999967	-0.195231	
36	0.999972	-0.000198	0.163499	0.000198	0.999972	-0.152881	
37	1.000048	-0.000200	0.086545	0.000200	1.000048	-0.188216	
38	1.000016	-0.000224	0.122605	0.000224	1.000016	-0.160442	
39	1.000047	-0.000286	0.145979	0.000286	1.000047	-0.293476	
40	1.000055	-0.000367	0.093144	0.000367	1.000055	-0.396438	
41	1.000061	-0.000422	0.140360	0.000422	1.000061	-0.480022	
42	1.000131	-0.000398	0.003041	0.000398	1.000131	-0.467846	
43	1.000090	-0.000411	0.076846	0.000411	1.000090	-0.481555	
44	1.000136	-0.000335	-0.005984	0.000335	1.000136	-0.339959	
45	1.000077	-0.000256	0.032116	0.000256	1.000077	-0.225482	
46	1.000093	-0.000237	0.049696	0.000237	1.000093	-0.163427	
47	1.000109	-0.000231	-0.069434	0.000231	1.000109	-0.225607	
48	1.000134	-0.000134	-0.077316	0.000134	1.000134	-0.179688	
49	1.000101	-0.000139	-0.011169	0.000139	1.000101	-0.135715	
50	1.000118	-0.000081	-0.033774	0.000081	1.000118	-0.070079	
51	1.000069	-0.000044	0.013687	0.000044	1.000069	0.054187	
52	1.000053	-0.000061	-0.017097	0.000061	1.000053	-0.003055	
53	0.999995	-0.000101	0.096010	0.000101	0.999995	-0.020235	
54	1.000021	-0.000146	0.099848	0.000146	1.000021	-0.138596	
55	1.000129	-0.000112	-0.106581	0.000112	1.000129	-0.062181	
56	1.000004	-0.000190	0.137946	0.000190	1.000004	-0.128537	
57	1.000003	-0.000227	0.182118	0.000227	1.000003	-0.186536	
58	1.000114	-0.000186	-0.021197	0.000186	1.000114	-0.155005	
59	1.000077	-0.000231	0.041342	0.000231	1.000077	-0.216872	
60	1.000095	-0.000242	0.091316	0.000242	1.000095	-0.258183	
61	1.000091	-0.000198	-0.049069	0.000198	1.000091	-0.172823	
62	1.000085	-0.000129	-0.026980	0.000129	1.000085	-0.060005	
63	1.000087	-0.000145	0.014024	0.000145	1.000087	-0.097703	
64	1.000066	-0.000090	0.049761	0.000090	1.000066	-0.046046	
65	1.000064	-0.000045	-0.064215	0.000045	1.000064	0.028163	
66	1.000144	-0.000014	-0.154586	0.000014	1.000144	0.061120	
67	1.000102	-0.000040	-0.123635	0.000040	1.000102	0.112946	
68	1.000092	-0.000084	-0.080762	0.000084	1.000092	-0.081442	
69	1.000172	-0.000070	-0.142498	0.000070	1.000172	0.073599	
70	1.000124	-0.000186	-0.107482	0.000186	1.000124	-0.162293	
71	1.000124	-0.000199	-0.004178	0.000199	1.000124	-0.113888	
72	1.000121	-0.000235	-0.102924	0.000235	1.000121	-0.233702	
73	1.000126	-0.000251	-0.078246	0.000251	1.000126	-0.200113	
74	1.000109	-0.000285	-0.031858	0.000285	1.000109	-0.283166	
75	1.000062	-0.000286	0.032701	0.000286	1.000062	-0.233061	
76	1.000071	-0.000237	0.102820	0.000237	1.000071	-0.172813	
77	1.000163	-0.000134	-0.173680	0.000134	1.000163	-0.063709	
78	1.000169	-0.000136	-0.192087	0.000136	1.000169	-0.089642	
79	1.000123	-0.000089	-0.091672	0.000089	1.000123	-0.065639	
80	1.000182	-0.000057	-0.198017	0.000057	1.000182	0.013498	
81	1.000163	-0.000019	-0.176505	0.000019	1.000163	0.012778	
82	1.000152	-0.000020	-0.101136	0.000020	1.000152	0.058991	
83	1.000143	0.000017	-0.111160	-0.000017	1.000143	0.145060	
84	1.000138	-0.000023	-0.114627	0.000023	1.000138	0.136692	
85	1.000088	-0.000097	0.061433	0.000097	1.000088	0.042438	
86	1.000088	-0.000110	-0.062299	0.000110	1.000088	-0.029404	
87	1.000127	-0.000137	-0.014371	0.000137	1.000127	0.005029	
88	1.000126	-0.000218	-0.027229	0.000218	1.000126	-0.100671	
89	1.000119	-0.000221	-0.021705	0.000221	1.000119	-0.128734	
90	1.000114	-0.000201	-0.034415	0.000201	1.000114	-0.053401	
91	1.000144	-0.000141	-0.039351	0.000141	1.000144	-0.059343	
92	1.000143	-0.000188	-0.097070	0.000188	1.000143	-0.168719	
93	1.000098	-0.000114	-0.013149	0.000114	1.000098	-0.024924	
94	1.000127	-0.000080	-0.044285	0.000080	1.000127	0.032306	
95	1.000075	-0.000067	-0.037194	0.000067	1.000075	-0.007260	
96	1.000143	-0.000004	-0.108443	0.000004	1.000143	0.120516	
97	1.000137	0.000054	-0.159392	-0.000054	1.000137	0.107241	
98	1.000140	0.000085	-0.174135	-0.000085	1.000140	0.266930	
99	1.000163	-0.000045	-0.082472	0.000045	1.000163	0.057386	
100	1.000208	-0.000045	-0.191475	0.000045	1.000208	0.056293	
101	1.000208	-0.000060	-0.121421	0.000060	1.000208	0.068930	
102	1.000167	-0.000143	-0.161091	0.000143	1.000167	-0.024070	
103	1.000209	-0.000185	-0.205787	0.000185	1.000209	-0.090974	
104	1.000149	-0.000190	0.013558	0.000190	1.000149	0.024886	
105	1.000127	-0.000159	-0.055212	0.000159	1.000127	0.008832	
106	1.000139	-0.000168	-0.077300	0.000168	1.000139	-0.061411	
107	1.000140	-0.000105	-0.136751	0.000105	1.000140	0.021127	
108	1.000129	-0.000093	-0.151658	0.000093	1.000129	-0.019772	
109	1.000093	-0.000044	-0.041092	0.000044	1.000093	0.138149	
110	1.000106	-0.000046	-0.086714	0.000046	1.000106	0.067801	
111	1.000169	0.000019	-0.213602	-0.000019	1.000169	0.134800	
112	1.000142	0.000077	-0.208875	-0.000077	1.000142	0.182465	
113	1.000147	-0.000025	-0.069379	0.000025	1.000147	-0.008662	
114	1.000274	-0.000037	-0.322375	0.000037	1.000274	-0.006825	
115	1.000228	-0.000011	-0.253461	0.000011	1.000228	0.057352	
116	1.000201	-0.000005	-0.171457	0.000005	1.000201	0.127935	
117	1.000132	-0.000068	-0.103170	0.000068	1.000132	0.000101	
118	1.000139	-0.000088	-0.114531	0.000088	1.000139	0.016196	
119	1.000136	-0.000095	-0.113557	0.000095	1.000136	0.070152	
120	1.000111	-0.000050	-0.118404	0.000050	1.000111	0.070265	
121	1.000124	-0.000097	-0.110071	0.000097	1.000124	0.077974	
122	1.000170	-0.000037	-0.186316	0.000037	1.000170	0.133563	
123	1.000133	-0.000074	-0.046801	0.000074	1.000133	0.070793	
124	1.000101	-0.000090	-0.034861	0.000090	1.000101	0.042140	
125	1.000182	-0.000018	-0.197928	0.000018	1.000182	0.071928	
126	1.000208	0.000006	-0.165313	-0.000006	1.000208	0.163805	
127	1.000183	-0.000015	-0.190515	0.000015	1.000183	0.120605	
128	1.000149	-0.000062	-0.104120	0.000062	1.000149	0.117144	
129	1.000119	-0.000069	-0.128036	0.000069	1.000119	0.083351	
130	1.000144	-0.000033	-0.115343	0.000033	1.000144	0.103282	
131	1.000096	-0.000090	-0.124826	0.000090	1.000096	0.031683	
132	1.000160	-0.000073	-0.095979	0.000073	1.000160	0.002376	
133	1.000124	-0.000102	-0.116272	0.000102	1.000124	-0.037689	
134	1.000131	-0.000039	-0.089832	0.000039	1.000131	0.112240	
135	1.000119	-0.000043	-0.105227	0.000043	1.000119	0.030149	
136	1.000090	-0.000056	-0.056264	0.000056	1.000090	0.120761	
137	1.000099	-0.000011	-0.073685	0.000011	1.000099	0.113213	
138	1.000052	-0.000013	-0.052378	0.000013	1.000052	0.169131	
139	1.000075	-0.000037	-0.047723	0.000037	1.000075	0.077416	
140	1.000120	-0.000000	-0.115592	0.000000	1.000120	0.145433	
141	1.000116	-0.000005	-0.057073	0.000005	1.000116	0.174238	
142	1.000147	-0.000091	-0.065067	0.000091	1.000147	-0.053892	
143	1.000145	-0.000110	-0.109611	0.000110	1.000145	-0.092986	
144	1.000092	-0.000108	-0.034137	0.000108	1.000092	-0.010192	
145	1.000107	-0.000097	0.005785	0.000097	1.000107	0.040458	
146	1.000115	-0.000058	-0.031726	0.000058	1.000115	0.042283	
147	1.000080	-0.000079	-0.004021	0.000079	1.000080	0.013537	
148	1.000042	-0.000155	0.115978	0.000155	1.000042	-0.065367	
149	1.000033	-0.000007	0.026743	0.000007	1.000033	0.150976	
150	1.000076	0.000001	0.041334	-0.000001	1.000076	0.157572	
151	1.000010	-0.000023	0.048610	0.000023	1.000010	0.135491	
152	1.000054	0.000000	0.029942	-0.000000	1.000054	0.243445	
153	1.000085	0.000026	0.024912	-0.000026	1.000085	0.214633	
154	1.000085	-0.000035	-0.037614	0.000035	1.000085	0.088694	
155	1.000147	-0.000025	-0.055986	0.000025	1.000147	0.079845	
156	1.000154	-0.000082	-0.087623	0.000082	1.000154	0.103948	
157	1.000172	-0.000069	-0.090477	0.000069	1.000172	0.121135	
158	1.000175	-0.000201	-0.025959	0.000201	1.000175	-0.064548	
159	1.000168	-0.000215	-0.065979	0.000215	1.000168	-0.149292	
160	1.000188	-0.000143	-0.088658	0.000143	1.000188	-0.024632	
161	1.000146	-0.000113	-0.078961	0.000113	1.000146	-0.062501	
162	1.000093	-0.000083	-0.011970	0.000083	1.000093	0.023486	
163	1.000136	-0.000035	-0.074721	0.000035	1.000136	0.101682	
164	1.000149	0.000007	-0.131639	-0.000007	1.000149	0.174113	
165	1.000107	-0.000010	-0.056394	0.000010	1.000107	0.114695	
166	1.000107	-0.000004	-0.028342	0.000004	1.000107	0.157397	
167	1.000098	0.000046	-0.021543	-0.000046	1.000098	0.214002	
168	1.000104	0.000024	-0.037610	-0.000024	1.000104	0.173152	
169	1.000103	-0.000019	-0.045704	0.000019	1.000103	0.165646	
170	1.000120	-0.000062	-0.024198	0.000062	1.000120	0.080584	
171	1.000113	-0.000089	0.031501	0.000089	1.000113	0.091735	
172	1.000102	-0.000088	0.031727	0.000088	1.000102	0.011273	
173	1.000069	-0.000122	0.071105	0.000122	1.000069	0.033406	
174	1.000114	-0.000157	0.033982	0.000157	1.000114	-0.085834	
175	1.000118	-0.000152	0.020460	0.000152	1.000118	-0.045746	
176	1.000093	-0.000184	0.068172	0.000184	1.000093	-0.151584	
177	1.000118	-0.000151	0.000971	0.000151	1.000118	-0.078835	
178	1.000125	-0.000104	-0.009148	0.000104	1.000125	-0.006011	
179	1.000114	-0.000101	0.010160	0.000101	1.000114	0.036259	
180	1.000078	-0.000084	-0.030983	0.000084	1.000078	-0.000258	
181	1.000104	-0.000035	0.028263	0.000035	1.000104	0.166727	
182	1.000124	-0.000031	-0.059301	0.000031	1.000124	0.121889	
183	1.000120	-0.000050	-0.027907	0.000050	1.000120	0.142391	
184	1.000104	0.000030	-0.040731	-0.000030	1.000104	0.230360	
185	1.000073	0.000001	0.004999	-0.000001	1.000073	0.197408	
186	1.000078	-0.000018	-0.004647	0.000018	1.000078	0.189690	
187	1.000088	-0.000025	-0.053735	0.000025	1.000088	0.209114	
188	1.000082	-0.000076	-0.001885	0.000076	1.000082	0.142936	
189	1.000063	-0.000065	0.026277	0.000065	1.000063	0.083207	
190	1.000016	-0.000130	0.074375	0.000130	1.000016	0.026280	
191	1.000025	-0.000215	0.144668	0.000215	1.000025	-0.095690	
192	1.000042	-0.000095	0.080401	0.000095	1.000042	0.052107	
193	1.000061	-0.000004	0.001895	0.000004	1.000061	0.165884	
194	1.000090	-0.000075	0.052536	0.000075	1.000090	0.032792	
195	1.000097	-0.000060	0.007893	0.000060	1.000097	0.114729	
196	1.000117	-0.000021	-0.042246	0.000021	1.000117	0.077583	
197	1.000101	-0.000068	0.075368	0.000068	1.000101	0.174078	
198	1.000103	-0.000026	0.019739	0.000026	1.000103	0.204034	
199	1.000140	0.000076	-0.160578	-0.000076	1.000140	0.219287	
200	1.000091	0.000028	0.014273	-0.000028	1.000091	0.239369	
201	1.000143	-0.000050	-0.030552	0.000050	1.000143	0.108606	
202	1.000088	-0.000006	-0.026509	0.000006	1.000088	0.153712	
203	1.000100	-0.000007	0.037967	0.000007	1.000100	0.153667	
204	1.000119	0.000014	-0.056410	-0.000014	1.000119	0.151885	
205	1.000103	-0.000011	-0.000461	0.000011	1.000103	0.126126	
206	1.000078	0.000026	-0.028840	-0.000026	1.000078	0.193498	
207	1.000071	0.000028	0.067489	-0.000028	1.000071	0.261894	
208	1.000023	-0.000019	0.114074	0.000019	1.000023	0.095056	
209	1.000032	-0.000067	0.149594	0.000067	1.000032	0.113037	
210	0.999994	-0.000016	0.174972	0.000016	0.999994	0.301464	
211	1.000020	-0.000059	0.177935	0.000059	1.000020	0.203175	
212	0.999955	0.000034	0.208344	-0.000034	0.999955	0.254952	
213	1.000066	-0.000074	0.087752	0.000074	1.000066	0.162559	
214	1.000036	-0.000023	0.131662	0.000023	1.000036	0.233800	
215	1.000058	-0.000023	0.053275	0.000023	1.000058	0.203626	
216	1.000039	-0.000078	0.164606	0.000078	1.000039	0.083849	
217	1.000041	-0.000017	0.117226	0.000017	1.000041	0.236935	
218	1.000027	0.000003	0.052513	-0.000003	1.000027	0.206207	
219	0.999973	-0.000086	0.187603	0.000086	0.999973	0.077689	
220	0.999949	-0.000012	0.184736	0.000012	0.999949	0.177642	
221	0.999996	0.000011	0.097734	-0.000011	0.999996	0.214850	
222	0.999981	-0.000007	0.103650	0.000007	0.999981	0.119411	
223	0.999993	0.000024	0.105558	-0.000024	0.999993	0.198900	
224	1.000026	0.000032	0.043022	-0.000032	1.000026	0.181447	
225	1.000064	0.000039	-0.008537	-0.000039	1.000064	0.260024	
226	1.000057	-0.000006	0.069833	0.000006	1.000057	0.143736	
227	1.000085	0.000006	-0.121022	-0.000006	1.000085	0.152273	
228	1.000100	0.000043	-0.030705	-0.000043	1.000100	0.254035	
229	1.000083	-0.000010	0.014911	0.000010	1.000083	0.160772	
230	1.000118	0.000019	-0.061449	-0.000019	1.000118	0.147720	
231	1.000148	0.000028	-0.111413	-0.000028	1.000148	0.229013	
232	1.000136	0.000027	-0.076497	-0.000027	1.000136	0.193842	
233	1.000147	0.000014	-0.084705	-0.000014	1.000147	0.188419	
234	1.000179	0.000035	-0.123791	-0.000035	1.000179	0.150526	
235	1.000151	0.000008	-0.069474	-0.000008	1.000151	0.097386	
236	1.000123	0.000054	-0.045999	-0.000054	1.000123	0.192585	
237	1.000129	0.000101	-0.060786	-0.000101	1.000129	0.306278	
238	1.000096	0.000059	-0.026213	-0.000059	1.000096	0.212979	
239	1.000016	0.000068	0.107688	-0.000068	1.000016	0.272231	
240	1.000019	0.000060	0.093911	-0.000060	1.000019	0.361203	
241	1.000002	0.000091	0.127876	-0.000091	1.000002	0.265661	
242	1.000033	0.000077	0.126930	-0.000077	1.000033	0.315860	
243	1.000009	0.000023	0.146218	-0.000023	1.000009	0.241851	
244	1.000049	0.000039	0.101403	-0.000039	1.000049	0.289886	
245	1.000083	0.000039	0.063933	-0.000039	1.000083	0.278956	
246	1.000122	0.000076	-0.015899	-0.000076	1.000122	0.355762	
247	1.000055	0.000099	0.026982	-0.000099	1.000055	0.337724	
248	1.000136	0.000082	-0.005802	-0.000082	1.000136	0.317988	
249	1.000048	0.000034	0.017904	-0.000034	1.000048	0.211487	
250	1.000054	0.000047	0.020280	-0.000047	1.000054	0.305866	
251	1.000028	0.000015	0.116214	-0.000015	1.000028	0.219257	
252	0.999994	0.000063	0.067127	-0.000063	0.999994	0.188964	
253	0.999992	0.000044	0.104465	-0.000044	0.999992	0.165868	
254	1.000024	0.000016	0.074131	-0.000016	1.000024	0.212072	
255	0.999979	0.000021	-0.021220	-0.000021	0.999979	0.170754	
256	1.000027	0.000052	0.118090	-0.000052	1.000027	0.244125	
257	1.000035	0.000062	0.060662	-0.000062	1.000035	0.260886	
258	1.000049	0.000088	0.037766	-0.000088	1.000049	0.375370	
259	1.000075	0.000106	0.038434	-0.000106	1.000075	0.397823	
260	1.000148	0.000103	-0.105538	-0.000103	1.000148	0.335568	
261	1.000070	0.000006	-0.004395	-0.000006	1.000070	0.257171	
262	1.000133	0.000023	-0.064038	-0.000023	1.000133	0.216062	
263	1.000133	0.000073	-0.090357	-0.000073	1.000133	0.262506	
264	1.000085	0.000028	0.023158	-0.000028	1.000085	0.236083	
265	1.000077	0.000042	-0.023940	-0.000042	1.000077	0.247220	
266	1.000115	0.000091	-0.082493	-0.000091	1.000115	0.179223	
267	1.000085	0.000009	-0.027944	-0.000009	1.000085	0.207353	
268	1.000099	0.000047	-0.086968	-0.000047	1.000099	0.151697	
269	1.000129	0.000080	-0.053460	-0.000080	1.000129	0.235881	
270	1.000106	0.000057	-0.034117	-0.000057	1.000106	0.246276	
271	1.000084	-0.000002	0.029851	0.000002	1.000084	0.317192	
272	1.000111	0.000046	-0.054849	-0.000046	1.000111	0.162429	
273	1.000193	0.000076	-0.110862	-0.000076	1.000193	0.334263	
274	1.000132	0.000062	-0.069929	-0.000062	1.000132	0.370306	
275	1.000073	0.000027	0.094498	-0.000027	1.000073	0.320750	
276	1.000155	0.000076	-0.088541	-0.000076	1.000155	0.359836	
277	1.000045	0.000042	0.026628	-0.000042	1.000045	0.307315	
278	1.000091	0.000042	0.027438	-0.000042	1.000091	0.245847	
279	1.000071	0.000055	-0.062846	-0.000055	1.000071	0.230955	
280	1.000059	0.000061	0.043823	-0.000061	1.000059	0.262741	
281	1.000084	0.000102	-0.082021	-0.000102	1.000084	0.269715	
282	1.000117	0.000041	-0.040462	-0.000041	1.000117	0.262840	
283	1.000072	0.000054	0.019269	-0.000054	1.000072	0.178062	
284	1.000038	-0.000005	0.089316	0.000005	1.000038	0.168939	
285	1.000092	0.000015	-0.047628	-0.000015	1.000092	0.188600	
286	1.000136	-0.000037	-0.053072	0.000037	1.000136	0.194611	
287	1.000174	-0.000014	-0.133100	0.000014	1.000174	0.207565	
288	1.000176	-0.000036	-0.127973	0.000036	1.000176	0.201956	
289	1.000126	0.000005	-0.050116	-0.000005	1.000126	0.218085	
290	1.000131	0.000037	-0.144184	-0.000037	1.000131	0.298815	
291	1.000157	0.000065	-0.114071	-0.000065	1.000157	0.329008	
292	1.000145	0.000086	-0.120128	-0.000086	1.000145	0.365535	
293	1.000144	0.000094	-0.143270	-0.000094	1.000144	0.330839	
294	1.000174	0.000083	-0.170643	-0.000083	1.000174	0.282518	
295	1.000178	0.000077	-0.202999	-0.000077	1.000178	0.280418	
296	1.000158	0.000063	-0.140426	-0.000063	1.000158	0.148080	
297	1.000219	-0.000029	-0.186484	0.000029	1.000219	0.163070	
298	1.000219	0.000038	-0.201469	-0.000038	1.000219	0.208315	
299	1.000141	0.000013	-0.063224	-0.000013	1.000141	0.211585	
300	1.000124	0.000018	-0.109015	-0.000018	1.000124	0.157805	
301	1.000150	0.000035	-0.129643	-0.000035	1.000150	0.240058	
302	1.000171	0.000024	-0.105906	-0.000024	1.000171	0.268862	
303	1.000099	0.000085	-0.059847	-0.000085	1.000099	0.374595	
304	1.000104	0.000076	-0.111031	-0.000076	1.000104	0.349681	
305	1.000096	0.000024	-0.032754	-0.000024	1.000096	0.291733	
306	1.000137	0.000053	-0.075105	-0.000053	1.000137	0.346798	
307	1.000088	0.000073	-0.016699	-0.000073	1.000088	0.408227	
308	1.000021	0.000088	0.055884	-0.000088	1.000021	0.394868	
309	1.000065	0.000063	-0.021538	-0.000063	1.000065	0.397526	
310	1.000016	-0.000026	0.116917	0.000026	1.000016	0.173812	
311	1.000123	-0.000012	-0.063669	0.000012	1.000123	0.182650	
312	1.000100	-0.000027	-0.042586	0.000027	1.000100	0.173326	
313	1.000181	0.000028	-0.130498	-0.000028	1.000181	0.158667	
314	1.000151	-0.000041	-0.052940	0.000041	1.000151	0.097594	
315	1.000120	-0.000024	-0.115578	0.000024	1.000120	0.178930	
316	1.000150	-0.000054	-0.137657	0.000054	1.000150	0.165623	
317	1.000122	-0.000047	-0.012400	0.000047	1.000122	0.183433	
318	1.000124	-0.000027	-0.010563	0.000027	1.000124	0.113329	
319	1.000148	0.000045	-0.097303	-0.000045	1.000148	0.341092	
320	1.000125	0.000046	-0.059367	-0.000046	1.000125	0.238327	
321	1.000048	0.000007	0.018697	-0.000007	1.000048	0.194033	
322	1.000067	0.000014	0.008279	-0.000014	1.000067	0.252063	
323	1.000106	0.000068	-0.030456	-0.000068	1.000106	0.358735	
324	1.000104	0.000068	-0.097931	-0.000068	1.000104	0.318894	
325	1.000095	0.000061	-0.043604	-0.000061	1.000095	0.370738	
326	1.000043	-0.000048	0.102233	0.000048	1.000043	0.192998	
327	1.000095	-0.000118	-0.004468	0.000118	1.000095	0.110495	
328	1.000027	-0.000080	0.140687	0.000080	1.000027	0.131672	
329	1.000103	-0.000041	-0.038347	0.000041	1.000103	0.156728	
330	1.000083	-0.000075	0.001356	0.000075	1.000083	0.081162	
331	1.000158	-0.000087	0.004948	0.000087	1.000158	0.126541	
332	1.000188	-0.000041	-0.144011	0.000041	1.000188	0.136977	
333	1.000177	0.000030	-0.105897	-0.000030	1.000177	0.215515	
334	1.000162	0.000064	-0.112579	-0.000064	1.000162	0.229733	
335	1.000128	0.000080	-0.024387	-0.000080	1.000128	0.323818	
336	1.000118	0.000172	-0.156971	-0.000172	1.000118	0.448377	
337	1.000098	0.000093	-0.001921	-0.000093	1.000098	0.367498	
338	1.000103	0.000097	-0.080973	-0.000097	1.000103	0.349413	
339	1.000115	0.000012	-0.044169	-0.000012	1.000115	0.282296	
340	1.000016	-0.000005	0.082144	0.000005	1.000016	0.326565	
341	1.000092	-0.000018	0.029685	0.000018	1.000092	0.287401	
342	1.000047	-0.000063	0.149515	0.000063	1.000047	0.272109	
343	1.000022	-0.000078	0.105954	0.000078	1.000022	0.194781	
344	1.000008	-0.000112	0.193204	0.000112	1.000008	0.073261	
345	1.000042	-0.000104	0.136194	0.000104	1.000042	0.113172	
346	1.000117	-0.000053	-0.028405	0.000053	1.000117	0.144443	
347	1.000105	-0.000024	0.091376	0.000024	1.000105	0.147958	
348	1.000121	-0.000064	-0.011957	0.000064	1.000121	0.086644	
349	1.000071	-0.000009	0.077317	0.000009	1.000071	0.262545	
350	1.000069	-0.000019	0.055924	0.000019	1.000069	0.136781	
351	1.000058	0.000049	0.039246	-0.000049	1.000058	0.235253	
352	1.000085	0.000016	0.053428	-0.000016	1.000085	0.286456	
353	1.000065	0.000027	0.023701	-0.000027	1.000065	0.203960	
354	1.000066	0.000006	0.067415	-0.000006	1.000066	0.357878	
355	1.000094	0.000023	0.015793	-0.000023	1.000094	0.328105	
356	1.000046	0.000000	0.121548	-0.000000	1.000046	0.296726	
357	1.000026	-0.000059	0.113304	0.000059	1.000026	0.167052	
358	1.000030	-0.000034	0.102799	0.000034	1.000030	0.160125	
359	1.000047	-0.000033	0.074333	0.000033	1.000047	0.172002	
360	1.000024	-0.000062	0.109645	0.000062	1.000024	0.182799	
361	1.000038	-0.000042	0.036015	0.000042	1.000038	0.139821	
362	0.999996	-0.000066	0.117410	0.000066	0.999996	0.120728	
363	1.000039	0.000009	0.046121	-0.000009	1.000039	0.310013	
364	1.000040	0.000042	0.086072	-0.000042	1.000040	0.271308	
365	1.000081	0.000072	-0.006836	-0.000072	1.000081	0.301107	
366	1.000130	0.000166	-0.142728	-0.000166	1.000130	0.391174	
367	1.000105	0.000151	-0.029932	-0.000151	1.000105	0.423624	
368	1.000092	0.000177	-0.047021	-0.000177	1.000092	0.430733	
369	1.000113	0.000220	-0.147785	-0.000220	1.000113	0.467692	
370	1.000107	0.000140	-0.060631	-0.000140	1.000107	0.441776	
371	1.000072	0.000131	-0.044841	-0.000131	1.000072	0.347681	
372	1.000071	0.000135	-0.026604	-0.000135	1.000071	0.368271	
373	1.000074	0.000124	-0.062300	-0.000124	1.000074	0.317883	
374	1.000069	0.000080	0.020184	-0.000080	1.000069	0.272740	
375	1.000093	0.000081	-0.064976	-0.000081	1.000093	0.270796	
376	1.000087	0.000036	0.009144	-0.000036	1.000087	0.167353	
377	1.000085	0.000064	-0.013022	-0.000064	1.000085	0.276853	
378	1.000171	0.000097	-0.122965	-0.000097	1.000171	0.334320	
379	1.000139	0.000066	-0.076138	-0.000066	1.000139	0.215920	
380	1.000089	0.000125	-0.019124	-0.000125	1.000089	0.407552	
381	1.000078	0.000106	-0.049875	-0.000106	1.000078	0.341652	
382	1.000114	0.000094	-0.077496	-0.000094	1.000114	0.337308	
383	1.000036	0.000118	0.076140	-0.000118	1.000036	0.358671	
384	1.000132	0.000158	-0.090205	-0.000158	1.000132	0.456303	
385	1.000137	0.000148	-0.082480	-0.000148	1.000137	0.385648	
386	1.000136	0.000106	0.002389	-0.000106	1.000136	0.292311	
387	1.000122	0.000093	-0.077051	-0.000093	1.000122	0.247067	
388	1.000100	0.000092	-0.034937	-0.000092	1.000100	0.305706	
389	1.000055	0.000137	-0.027768	-0.000137	1.000055	0.350073	
390	0.999984	0.000155	0.079764	-0.000155	0.999984	0.377857	
391	0.999935	0.000167	0.120820	-0.000167	0.999935	0.438991	
392	1.000001	0.000214	0.070655	-0.000214	1.000001	0.478721	
393	0.999946	0.000189	0.072195	-0.000189	0.999946	0.434227	
394	0.999987	0.000193	0.106375	-0.000193	0.999987	0.442711	
395	0.999999	0.000209	0.071411	-0.000209	0.999999	0.474552	
396	0.999954	0.000137	0.014014	-0.000137	0.999954	0.378996	
397	0.999969	0.000134	0.100463	-0.000134	0.999969	0.421503	
398	0.999968	0.000098	0.106062	-0.000098	0.999968	0.377436	
399	0.999989	0.000109	0.091244	-0.000109	0.999989	0.406254	
400	1.000066	0.000159	0.014790	-0.000159	1.000066	0.533594	
401	1.000094	0.000077	-0.043966	-0.000077	1.000094	0.379537	
402	1.000144	0.000130	-0.069189	-0.000130	1.000144	0.448347	
403	1.000078	0.000117	-0.057856	-0.000117	1.000078	0.332339	
404	0.999939	0.000187	0.140021	-0.000187	0.999939	0.471204	
405	0.999996	0.000224	0.069496	-0.000224	0.999996	0.488615	
406	0.999965	0.000253	0.112918	-0.000253	0.999965	0.572914	
407	1.000019	0.000220	0.010719	-0.000220	1.000019	0.462811	
408	1.000014	0.000218	0.068981	-0.000218	1.000014	0.417498	
409	1.000019	0.000177	-0.044669	-0.000177	1.000019	0.445937	
410	1.000047	0.000131	0.014303	-0.000131	1.000047	0.311234	
411	1.000102	0.000098	-0.146838	-0.000098	1.000102	0.279080	
412	1.000082	0.000020	-0.008340	-0.000020	1.000082	0.203231	
413	0.999985	-0.000020	0.079348	0.000020	0.999985	0.129334	
414	1.000205	0.000070	-0.187295	-0.000070	1.000205	0.259738	
415	1.000159	0.000066	-0.135282	-0.000066	1.000159	0.304158	
416	1.000137	0.000120	-0.093109	-0.000120	1.000137	0.380280	
417	1.000095	0.000190	-0.077732	-0.000190	1.000095	0.532234	
418	1.000051	0.000232	-0.065999	-0.000232	1.000051	0.518127	
419	1.000021	0.000217	-0.034853	-0.000217	1.000021	0.482810	
420	1.000027	0.000203	-0.021230	-0.000203	1.000027	0.449232	
421	1.000076	0.000176	-0.051145	-0.000176	1.000076	0.394773	
422	1.000084	0.000187	-0.147628	-0.000187	1.000084	0.394679	
423	1.000038	0.000196	-0.033282	-0.000196	1.000038	0.441066	
424	1.000039	0.000138	-0.067142	-0.000138	1.000039	0.306047	
425	1.000009	0.000057	0.056172	-0.000057	1.000009	0.295831	
426	0.999967	0.000037	0.066223	-0.000037	0.999967	0.277398	
427	0.999931	0.000008	0.102936	-0.000008	0.999931	0.276633	
428	1.000028	0.000011	0.015417	-0.000011	1.000028	0.214736	
429	1.000032	-0.000047	-0.034310	0.000047	1.000032	0.109168	
430	1.000117	-0.000008	-0.103051	0.000008	1.000117	0.224283	
431	1.000127	0.000046	-0.085845	-0.000046	1.000127	0.316147	
432	1.000161	0.000084	-0.211188	-0.000084	1.000161	0.305139	
433	1.000128	0.000162	-0.170873	-0.000162	1.000128	0.481555	
434	1.000087	0.000157	-0.182589	-0.000157	1.000087	0.430289	
435	1.000111	0.000195	-0.198787	-0.000195	1.000111	0.465718	
436	1.000125	0.000161	-0.163559	-0.000161	1.000125	0.464025	
437	1.000118	0.000114	-0.153551	-0.000114	1.000118	0.377495	
438	1.000110	0.000098	-0.136555	-0.000098	1.000110	0.353017	
439	0.999972	0.000136	0.026669	-0.000136	0.999972	0.398119	
440	1.000084	0.000092	-0.143642	-0.000092	1.000084	0.338057	
441	1.000088	0.000082	-0.154768	-0.000082	1.000088	0.301536	
442	1.000073	0.000057	-0.114246	-0.000057	1.000073	0.308547	
443	1.000077	0.000040	-0.096491	-0.000040	1.000077	0.197454	
444	1.000106	0.000028	-0.157093	-0.000028	1.000106	0.226271	
445	1.000142	0.000130	-0.238928	-0.000130	1.000142	0.342998	
446	1.000091	0.000136	-0.177016	-0.000136	1.000091	0.383246	
447	1.000172	0.000279	-0.290194	-0.000279	1.000172	0.472217	
448	1.000073	0.000276	-0.253617	-0.000276	1.000073	0.526370	
449	1.000055	0.000320	-0.179102	-0.000320	1.000055	0.626774	
450	1.000072	0.000293	-0.194651	-0.000293	1.000072	0.604957	
451	1.000074	0.000284	-0.198748	-0.000284	1.000074	0.607045	
452	1.000142	0.000305	-0.323150	-0.000305	1.000142	0.633509	
453	1.000087	0.000243	-0.178654	-0.000243	1.000087	0.463835	
454	1.000126	0.000179	-0.221307	-0.000179	1.000126	0.413737	
455	1.000221	0.000063	-0.337443	-0.000063	1.000221	0.331241	
456	1.000131	0.000094	-0.146236	-0.000094	1.000131	0.536372	
457	1.000081	0.000068	-0.119980	-0.000068	1.000081	0.325217	
458	1.000164	0.000078	-0.312645	-0.000078	1.000164	0.285317	
459	1.000083	0.000082	-0.147364	-0.000082	1.000083	0.436910	
460	1.000080	0.000069	-0.194579	-0.000069	1.000080	0.297412	
461	1.000105	0.000058	-0.167385	-0.000058	1.000105	0.260958	
462	1.000114	0.000097	-0.202397	-0.000097	1.000114	0.280812	
463	1.000165	0.000126	-0.307621	-0.000126	1.000165	0.325777	
464	1.000102	0.000038	-0.163608	-0.000038	1.000102	0.229558	
465	1.000120	0.000235	-0.210204	-0.000235	1.000120	0.509261	
466	1.000250	0.000179	-0.438011	-0.000179	1.000250	0.378447	
467	1.000163	0.000123	-0.275641	-0.000123	1.000163	0.322969	
468	1.000123	0.000226	-0.273733	-0.000226	1.000123	0.489466	
469	1.000200	0.000158	-0.367549	-0.000158	1.000200	0.385807	
470	1.000200	0.000251	-0.395813	-0.000251	1.000200	0.469420	
471	1.000222	0.000100	-0.390136	-0.000100	1.000222	0.269664	
472	1.000110	0.000079	-0.220995	-0.000079	1.000110	0.351469	
473	1.000163	0.000044	-0.266883	-0.000044	1.000163	0.212362	
474	1.000180	-0.000002	-0.275615	0.000002	1.000180	0.197280	
475	1.000156	-0.000010	-0.306458	0.000010	1.000156	0.183919	
476	1.000160	-0.000007	-0.204740	0.000007	1.000160	0.227612	
477	1.000138	0.000036	-0.255005	-0.000036	1.000138	0.209502	
478	1.000204	0.000112	-0.386855	-0.000112	1.000204	0.286641	
479	1.000192	0.000151	-0.271952	-0.000151	1.000192	0.365334	
480	1.000148	0.000164	-0.223472	-0.000164	1.000148	0.338535	
481	1.000153	0.000155	-0.288912	-0.000155	1.000153	0.351348	
482	1.000174	0.000236	-0.243500	-0.000236	1.000174	0.459452	
483	1.000113	0.000265	-0.261798	-0.000265	1.000113	0.555385	
484	1.000271	0.000332	-0.412021	-0.000332	1.000271	0.616989	
485	1.000111	0.000293	-0.233657	-0.000293	1.000111	0.542785	
486	1.000175	0.000282	-0.274993	-0.000282	1.000175	0.504554	
487	1.000197	0.000215	-0.287204	-0.000215	1.000197	0.443628	
488	1.000103	0.000113	-0.149871	-0.000113	1.000103	0.318601	
489	1.000108	0.000110	-0.154827	-0.000110	1.000108	0.377933	
490	1.000070	0.000131	-0.127361	-0.000131	1.000070	0.364384	
491	1.000188	0.000244	-0.346074	-0.000244	1.000188	0.526584	
492	1.000071	0.000173	-0.112092	-0.000173	1.000071	0.418385	
493	1.000112	0.000174	-0.189950	-0.000174	1.000112	0.410483	
494	1.000110	0.000190	-0.158459	-0.000190	1.000110	0.451750	
495	1.000144	0.000281	-0.268116	-0.000281	1.000144	0.599858	
496	1.000166	0.000194	-0.269135	-0.000194	1.000166	0.447225	
497	1.000226	0.000225	-0.303305	-0.000225	1.000226	0.504028	
498	1.000183	0.000228	-0.313579	-0.000228	1.000183	0.513431	
499	1.000128	0.000233	-0.201615	-0.000233	1.000128	0.513390	
500	1.000201	0.000228	-0.276875	-0.000228	1.000201	0.462633	
501	1.000189	0.000243	-0.327306	-0.000243	1.000189	0.510578	
502	1.000198	0.000228	-0.311242	-0.000228	1.000198	0.452130	
503	1.000198	0.000171	-0.319143	-0.000171	1.000198	0.502458	
504	1.000176	0.000169	-0.251857	-0.000169	1.000176	0.438743	
505	1.000154	0.000138	-0.204697	-0.000138	1.000154	0.428024	
506	1.000185	0.000154	-0.297584	-0.000154	1.000185	0.416506	
507	1.000180	0.000182	-0.257049	-0.000182	1.000180	0.506050	
508	1.000148	0.000182	-0.212599	-0.000182	1.000148	0.450665	
509	1.000221	0.000239	-0.370486	-0.000239	1.000221	0.590106	
510	1.000204	0.000218	-0.254832	-0.000218	1.000204	0.508451	
511	1.000246	0.000268	-0.357064	-0.000268	1.000246	0.569657	
512	1.000248	0.000251	-0.374751	-0.000251	1.000248	0.530553	
513	1.000299	0.000185	-0.468358	-0.000185	1.000299	0.405539	
514	1.000134	0.000060	-0.226121	-0.000060	1.000134	0.183303	
515	1.000258	0.000159	-0.384555	-0.000159	1.000258	0.388995	
516	1.000294	0.000221	-0.493917	-0.000221	1.000294	0.467031	
517	1.000180	0.000044	-0.298941	-0.000044	1.000180	0.176002	
518	1.000278	0.000216	-0.451592	-0.000216	1.000278	0.494333	
519	1.000241	0.000182	-0.436840	-0.000182	1.000241	0.476797	
520	1.000242	0.000208	-0.405332	-0.000208	1.000242	0.519977	
521	1.000219	0.000194	-0.413074	-0.000194	1.000219	0.449564	
522	1.000206	0.000167	-0.419937	-0.000167	1.000206	0.508660	
523	1.000201	0.000212	-0.446071	-0.000212	1.000201	0.562842	
524	1.000151	0.000149	-0.372456	-0.000149	1.000151	0.516636	
525	1.000229	0.000251	-0.394240	-0.000251	1.000229	0.607665	
526	1.000273	0.000206	-0.464895	-0.000206	1.000273	0.574323	
527	1.000327	0.000321	-0.670122	-0.000321	1.000327	0.726588	
528	1.000277	0.000174	-0.435278	-0.000174	1.000277	0.487060	
529	1.000172	0.000097	-0.374639	-0.000097	1.000172	0.319505	
530	1.000310	0.000116	-0.559610	-0.000116	1.000310	0.289535	
531	1.000264	0.000070	-0.393416	-0.000070	1.000264	0.241320	
532	1.000279	0.000137	-0.470567	-0.000137	1.000279	0.362530	
533	1.000276	0.000190	-0.526942	-0.000190	1.000276	0.442966	
534	1.000251	0.000150	-0.438541	-0.000150	1.000251	0.326090	
535	1.000279	0.000141	-0.521134	-0.000141	1.000279	0.432687	
536	1.000283	0.000238	-0.520000	-0.000238	1.000283	0.476803	
537	1.000240	0.000183	-0.454842	-0.000183	1.000240	0.574672	
538	1.000232	0.000266	-0.441913	-0.000266	1.000232	0.536250	
539	1.000269	0.000318	-0.532213	-0.000318	1.000269	0.676113	
540	1.000321	0.000368	-0.582543	-0.000368	1.000321	0.779210	
541	1.000394	0.000378	-0.677012	-0.000378	1.000394	0.742682	
542	1.000349	0.000407	-0.601418	-0.000407	1.000349	0.730421	
543	1.000281	0.000339	-0.514559	-0.000339	1.000281	0.699907	
544	1.000312	0.000252	-0.437091	-0.000252	1.000312	0.533135	
545	1.000328	0.000301	-0.622762	-0.000301	1.000328	0.531072	
546	1.000297	0.000198	-0.463346	-0.000198	1.000297	0.432999	
547	1.000309	0.000197	-0.473825	-0.000197	1.000309	0.357624	
548	1.000315	0.000285	-0.539024	-0.000285	1.000315	0.511229	
549	1.000327	0.000421	-0.525574	-0.000421	1.000327	0.695290	
550	1.000179	0.000218	-0.315054	-0.000218	1.000179	0.451207	
551	1.000247	0.000267	-0.390120	-0.000267	1.000247	0.451835	
552	1.000261	0.000328	-0.411477	-0.000328	1.000261	0.643752	
553	1.000299	0.000363	-0.542568	-0.000363	1.000299	0.691435	
554	1.000271	0.000311	-0.483879	-0.000311	1.000271	0.615485	
555	1.000278	0.000277	-0.544026	-0.000277	1.000278	0.627581	
556	1.000289	0.000299	-0.535673	-0.000299	1.000289	0.672631	
557	1.000434	0.000294	-0.698140	-0.000294	1.000434	0.644902	
558	1.000332	0.000306	-0.442550	-0.000306	1.000332	0.673775	
559	1.000299	0.000245	-0.422490	-0.000245	1.000299	0.536829	
560	1.000315	0.000208	-0.452340	-0.000208	1.000315	0.516557	
561	1.000408	0.000173	-0.582570	-0.000173	1.000408	0.409769	
562	1.000345	0.000066	-0.480620	-0.000066	1.000345	0.219011	
563	1.000370	0.000036	-0.536165	-0.000036	1.000370	0.148510	
564	1.000411	0.000144	-0.602871	-0.000144	1.000411	0.296469	
565	1.000422	0.000251	-0.638649	-0.000251	1.000422	0.435613	
566	1.000331	0.000256	-0.543472	-0.000256	1.000331	0.431245	
567	1.000316	0.000297	-0.409895	-0.000297	1.000316	0.562560	
568	1.000247	0.000198	-0.372887	-0.000198	1.000247	0.444802	
569	1.000392	0.000362	-0.600305	-0.000362	1.000392	0.651093	
570	1.000425	0.000304	-0.600008	-0.000304	1.000425	0.607870	
571	1.000419	0.000258	-0.636140	-0.000258	1.000419	0.591239	
572	1.000483	0.000262	-0.677924	-0.000262	1.000483	0.568739	
573	1.000486	0.000332	-0.727662	-0.000332	1.000486	0.643994	
574	1.000410	0.000356	-0.598843	-0.000356	1.000410	0.715380	
575	1.000483	0.000404	-0.736595	-0.000404	1.000483	0.743726	
576	1.000243	0.000278	-0.366991	-0.000278	1.000243	0.589757	
577	1.000290	0.000232	-0.418002	-0.000232	1.000290	0.539038	
578	1.000292	0.000187	-0.421152	-0.000187	1.000292	0.423310	
579	1.000422	0.000142	-0.573528	-0.000142	1.000422	0.338639	
580	1.000367	0.000089	-0.504593	-0.000089	1.000367	0.266342	
581	1.000399	0.000088	-0.532249	-0.000088	1.000399	0.300035	
582	1.000369	0.000111	-0.512469	-0.000111	1.000369	0.253930	
583	1.000246	0.000101	-0.324316	-0.000101	1.000246	0.334820	
584	1.000345	0.000190	-0.529866	-0.000190	1.000345	0.430424	
585	1.000322	0.000148	-0.386393	-0.000148	1.000322	0.431834	
586	1.000274	0.000161	-0.401991	-0.000161	1.000274	0.418881	
587	1.000379	0.000160	-0.600188	-0.000160	1.000379	0.428538	
588	1.000292	0.000133	-0.418136	-0.000133	1.000292	0.443482	
589	1.000319	0.000185	-0.472476	-0.000185	1.000319	0.435666	
590	1.000346	0.000173	-0.550633	-0.000173	1.000346	0.471660	
591	1.000251	0.000166	-0.439147	-0.000166	1.000251	0.372563	
592	1.000194	0.000154	-0.361994	-0.000154	1.000194	0.414730	
593	1.000295	0.000176	-0.415898	-0.000176	1.000295	0.449174	
594	1.000316	0.000157	-0.408260	-0.000157	1.000316	0.423084	
595	1.000213	0.000084	-0.274042	-0.000084	1.000213	0.243993	
596	1.000347	0.000054	-0.493376	-0.000054	1.000347	0.245586	
597	1.000338	0.000096	-0.426350	-0.000096	1.000338	0.277912	
598	1.000367	0.000196	-0.538794	-0.000196	1.000367	0.433745	
599	1.000337	0.000265	-0.466705	-0.000265	1.000337	0.531279	
600	1.000314	0.000205	-0.431660	-0.000205	1.000314	0.514436	
601	1.000269	0.000260	-0.380893	-0.000260	1.000269	0.553867	
602	1.000247	0.000307	-0.355180	-0.000307	1.000247	0.574080	
603	1.000307	0.000313	-0.471627	-0.000313	1.000307	0.590930	
604	1.000351	0.000293	-0.451356	-0.000293	1.000351	0.541949	
605	1.000374	0.000351	-0.559413	-0.000351	1.000374	0.676451	
606	1.000444	0.000372	-0.634731	-0.000372	1.000444	0.672806	
607	1.000403	0.000442	-0.565007	-0.000442	1.000403	0.810677	
608	1.000197	0.000229	-0.300460	-0.000229	1.000197	0.499862	
609	1.000223	0.000230	-0.304114	-0.000230	1.000223	0.437105	
610	1.000231	0.000216	-0.320187	-0.000216	1.000231	0.491496	
611	1.000286	0.000197	-0.402111	-0.000197	1.000286	0.429123	
612	1.000288	0.000154	-0.334766	-0.000154	1.000288	0.396176	
613	1.000260	0.000165	-0.337205	-0.000165	1.000260	0.377686	
614	1.000338	0.000451	-0.529795	-0.000451	1.000338	0.801541	
615	1.000260	0.000172	-0.359978	-0.000172	1.000260	0.464416	
616	1.000303	0.000231	-0.425942	-0.000231	1.000303	0.514754	
617	1.000228	0.000263	-0.330129	-0.000263	1.000228	0.636570	
618	1.000129	0.000217	-0.224593	-0.000217	1.000129	0.474247	
619	1.000137	0.000230	-0.283817	-0.000230	1.000137	0.553088	
620	1.000214	0.000291	-0.360180	-0.000291	1.000214	0.633830	
621	1.000140	0.000206	-0.254982	-0.000206	1.000140	0.485409	
622	1.000178	0.000240	-0.280390	-0.000240	1.000178	0.516582	
623	1.000231	0.000318	-0.409350	-0.000318	1.000231	0.585734	
624	1.000110	0.000150	-0.119654	-0.000150	1.000110	0.385205	
625	1.000199	0.000244	-0.343741	-0.000244	1.000199	0.492080	
626	1.000186	0.000227	-0.254626	-0.000227	1.000186	0.495906	
627	1.000265	0.000261	-0.401105	-0.000261	1.000265	0.528870	
628	1.000225	0.000203	-0.329242	-0.000203	1.000225	0.437905	
629	1.000272	0.000215	-0.343274	-0.000215	1.000272	0.488052	
630	1.000255	0.000120	-0.351714	-0.000120	1.000255	0.350873	
631	1.000175	0.000178	-0.254617	-0.000178	1.000175	0.446516	
632	1.000251	0.000330	-0.421005	-0.000330	1.000251	0.558351	
633	1.000329	0.000327	-0.510487	-0.000327	1.000329	0.640812	
634	1.000301	0.000274	-0.466138	-0.000274	1.000301	0.564394	
635	1.000245	0.000307	-0.346995	-0.000307	1.000245	0.534914	
636	1.000150	0.000238	-0.240720	-0.000238	1.000150	0.564849	
637	1.000188	0.000207	-0.293048	-0.000207	1.000188	0.456547	
638	1.000146	0.000359	-0.261656	-0.000359	1.000146	0.667765	
639	1.000190	0.000354	-0.389909	-0.000354	1.000190	0.646702	
640	1.000234	0.000304	-0.430919	-0.000304	1.000234	0.555646	
641	1.000279	0.000396	-0.502817	-0.000396	1.000279	0.689297	
642	1.000268	0.000366	-0.444133	-0.000366	1.000268	0.607000	
643	1.000243	0.000267	-0.448256	-0.000267	1.000243	0.531612	
644	1.000267	0.000231	-0.431608	-0.000231	1.000267	0.497962	
645	1.000357	0.000345	-0.588634	-0.000345	1.000357	0.589999	
646	1.000353	0.000228	-0.559475	-0.000228	1.000353	0.503586	
647	1.000379	0.000210	-0.584176	-0.000210	1.000379	0.477398	
648	1.000332	0.000203	-0.539852	-0.000203	1.000332	0.416148	
649	1.000333	0.000290	-0.517435	-0.000290	1.000333	0.640671	
650	1.000263	0.000156	-0.470783	-0.000156	1.000263	0.382559	
651	1.000246	0.000095	-0.399557	-0.000095	1.000246	0.309794	
652	1.000234	0.000119	-0.411051	-0.000119	1.000234	0.340660	
653	1.000188	0.000093	-0.299003	-0.000093	1.000188	0.284696	
654	1.000174	0.000172	-0.367996	-0.000172	1.000174	0.400501	
655	1.000232	0.000217	-0.411372	-0.000217	1.000232	0.477786	
656	1.000231	0.000203	-0.340880	-0.000203	1.000231	0.415781	
657	1.000202	0.000178	-0.400727	-0.000178	1.000202	0.365554	
658	1.000250	0.000202	-0.427642	-0.000202	1.000250	0.453391	
659	1.000270	0.000271	-0.494392	-0.000271	1.000270	0.514403	
660	1.000293	0.000243	-0.535851	-0.000243	1.000293	0.479719	
661	1.000264	0.000244	-0.377085	-0.000244	1.000264	0.490161	
662	1.000314	0.000208	-0.511711	-0.000208	1.000314	0.457266	
663	1.000324	0.000158	-0.498129	-0.000158	1.000324	0.367468	
664	1.000415	0.000120	-0.648681	-0.000120	1.000415	0.321723	
665	1.000362	0.000178	-0.492250	-0.000178	1.000362	0.403337	
666	1.000410	0.000184	-0.642569	-0.000184	1.000410	0.426238	
667	1.000419	0.000240	-0.623304	-0.000240	1.000419	0.425399	
668	1.000385	0.000130	-0.662212	-0.000130	1.000385	0.349179	
669	1.000335	0.000156	-0.547898	-0.000156	1.000335	0.343359	
670	1.000327	0.000128	-0.475038	-0.000128	1.000327	0.355954	
671	1.000308	0.000167	-0.519996	-0.000167	1.000308	0.417644	
672	1.000282	0.000123	-0.386401	-0.000123	1.000282	0.223343	
673	1.000328	0.000160	-0.473719	-0.000160	1.000328	0.336719	
674	1.000363	0.000196	-0.569337	-0.000196	1.000363	0.432712	
675	1.000258	0.000168	-0.404774	-0.000168	1.000258	0.384892	
676	1.000383	0.000181	-0.595107	-0.000181	1.000383	0.354650	
677	1.000416	0.000218	-0.610122	-0.000218	1.000416	0.473279	
678	1.000369	0.000193	-0.563736	-0.000193	1.000369	0.399542	
679	1.000378	0.000152	-0.563890	-0.000152	1.000378	0.346597	
680	1.000463	0.000091	-0.709568	-0.000091	1.000463	0.220341	
681	1.000381	0.000163	-0.552417	-0.000163	1.000381	0.398249	
682	1.000367	0.000135	-0.561952	-0.000135	1.000367	0.361178	
683	1.000292	0.000083	-0.418767	-0.000083	1.000292	0.292495	
684	1.000253	0.000098	-0.397132	-0.000098	1.000253	0.279777	
685	1.000265	0.000094	-0.431861	-0.000094	1.000265	0.325706	
686	1.000291	0.000058	-0.494911	-0.000058	1.000291	0.274513	
687	1.000297	0.000087	-0.468460	-0.000087	1.000297	0.295436	
688	1.000272	0.000112	-0.403433	-0.000112	1.000272	0.321635	
689	1.000290	0.000136	-0.500269	-0.000136	1.000290	0.314383	
690	1.000311	0.000081	-0.487400	-0.000081	1.000311	0.251808	
691	1.000341	0.000200	-0.536979	-0.000200	1.000341	0.408988	
692	1.000308	0.000158	-0.488783	-0.000158	1.000308	0.324793	
693	1.000397	0.000195	-0.589123	-0.000195	1.000397	0.362884	
694	1.000489	0.000194	-0.733036	-0.000194	1.000489	0.361176	
695	1.000490	0.000215	-0.695495	-0.000215	1.000490	0.415357	
696	1.000449	0.000197	-0.692491	-0.000197	1.000449	0.380521	
697	1.000403	0.000119	-0.517557	-0.000119	1.000403	0.359473	
698	1.000369	0.000095	-0.533272	-0.000095	1.000369	0.235239	
699	1.000363	0.000087	-0.453040	-0.000087	1.000363	0.338810	
700	1.000304	0.000094	-0.454211	-0.000094	1.000304	0.317692	
701	1.000367	0.000082	-0.483496	-0.000082	1.000367	0.330326	
702	1.000383	0.000141	-0.551089	-0.000141	1.000383	0.317637	
703	1.000398	0.000144	-0.522773	-0.000144	1.000398	0.373314	
704	1.000344	0.000136	-0.511548	-0.000136	1.000344	0.361679	
705	1.000277	0.000198	-0.415647	-0.000198	1.000277	0.441470	
706	1.000332	0.000245	-0.485438	-0.000245	1.000332	0.491381	
707	1.000256	0.000220	-0.360927	-0.000220	1.000256	0.500561	
708	1.000321	0.000271	-0.500001	-0.000271	1.000321	0.448292	
709	1.000197	0.000307	-0.273938	-0.000307	1.000197	0.508832	
710	1.000274	0.000314	-0.384034	-0.000314	1.000274	0.600756	
711	1.000279	0.000227	-0.401937	-0.000227	1.000279	0.522076	
712	1.000274	0.000226	-0.369853	-0.000226	1.000274	0.441163	
713	1.000262	0.000180	-0.373084	-0.000180	1.000262	0.410068	
714	1.000289	0.000181	-0.415897	-0.000181	1.000289	0.409027	
715	1.000295	0.000145	-0.392462	-0.000145	1.000295	0.319495	
716	1.000318	0.000111	-0.463596	-0.000111	1.000318	0.290444	
717	1.000221	0.000102	-0.301468	-0.000102	1.000221	0.356468	
718	1.000224	0.000135	-0.317513	-0.000135	1.000224	0.388449	
719	1.000298	0.000139	-0.412812	-0.000139	1.000298	0.380699	
720	1.000206	0.000155	-0.310768	-0.000155	1.000206	0.435761	
721	1.000249	0.000163	-0.359721	-0.000163	1.000249	0.373300	
722	1.000301	0.000192	-0.454453	-0.000192	1.000301	0.437207	
723	1.000310	0.000210	-0.509324	-0.000210	1.000310	0.445209	
724	1.000350	0.000224	-0.464010	-0.000224	1.000350	0.492093	
725	1.000303	0.000186	-0.534638	-0.000186	1.000303	0.317486	
726	1.000270	0.000141	-0.353317	-0.000141	1.000270	0.348285	
727	1.000232	0.000160	-0.332775	-0.000160	1.000232	0.405273	
728	1.000228	0.000184	-0.321905	-0.000184	1.000228	0.355318	
729	1.000324	0.000178	-0.403574	-0.000178	1.000324	0.322042	
730	1.000244	0.000188	-0.310589	-0.000188	1.000244	0.432209	
731	1.000255	0.000160	-0.301588	-0.000160	1.000255	0.355644	
732	1.000279	0.000152	-0.304140	-0.000152	1.000279	0.349404	
733	1.000315	0.000165	-0.373238	-0.000165	1.000315	0.320076	
734	1.000335	0.000119	-0.454568	-0.000119	1.000335	0.309910	
735	1.000262	0.000152	-0.313698	-0.000152	1.000262	0.361018	
736	1.000327	0.000119	-0.369598	-0.000119	1.000327	0.391944	
737	1.000302	0.000158	-0.413502	-0.000158	1.000302	0.376260	
738	1.000367	0.000160	-0.489378	-0.000160	1.000367	0.359621	
739	1.000301	0.000152	-0.443316	-0.000152	1.000301	0.369260	
740	1.000296	0.000173	-0.384814	-0.000173	1.000296	0.435798	
741	1.000264	0.000155	-0.291522	-0.000155	1.000264	0.413529	
742	1.000154	0.000178	-0.153341	-0.000178	1.000154	0.454773	
743	1.000241	0.000134	-0.355838	-0.000134	1.000241	0.330191	
744	1.000275	0.000110	-0.326656	-0.000110	1.000275	0.290449	
745	1.000211	0.000061	-0.279763	-0.000061	1.000211	0.239729	
746	1.000304	0.000104	-0.386576	-0.000104	1.000304	0.306373	
747	1.000284	0.000097	-0.333047	-0.000097	1.000284	0.276794	
748	1.000295	0.000077	-0.376021	-0.000077	1.000295	0.206815	
749	1.000285	0.000142	-0.372849	-0.000142	1.000285	0.296037	
750	1.000289	0.000119	-0.397347	-0.000119	1.000289	0.339668	
751	1.000263	0.000144	-0.344639	-0.000144	1.000263	0.342943	
752	1.000270	0.000043	-0.308417	-0.000043	1.000270	0.218943	
753	1.000242	0.000076	-0.360620	-0.000076	1.000242	0.295372	
754	1.000264	0.000119	-0.350410	-0.000119	1.000264	0.305530	
755	1.000307	0.000132	-0.363695	-0.000132	1.000307	0.400945	
756	1.000283	0.000048	-0.362825	-0.000048	1.000283	0.211410	
757	1.000295	0.000049	-0.332008	-0.000049	1.000295	0.259387	
758	1.000285	0.000003	-0.340167	-0.000003	1.000285	0.241900	
759	1.000260	-0.000011	-0.188183	0.000011	1.000260	0.230248	
760	1.000261	0.000027	-0.306738	-0.000027	1.000261	0.196228	
761	1.000305	0.000028	-0.283706	-0.000028	1.000305	0.236440	
762	1.000251	0.000041	-0.245300	-0.000041	1.000251	0.276350	
763	1.000300	0.000042	-0.264555	-0.000042	1.000300	0.245825	
764	1.000250	0.000064	-0.213151	-0.000064	1.000250	0.305701	
765	1.000255	0.000141	-0.244324	-0.000141	1.000255	0.384038	
766	1.000226	0.000098	-0.250909	-0.000098	1.000226	0.320526	
767	1.000155	0.000141	-0.163128	-0.000141	1.000155	0.343431	
768	1.000195	0.000170	-0.214769	-0.000170	1.000195	0.315624	
769	1.000209	0.000166	-0.228226	-0.000166	1.000209	0.438225	
770	1.000219	0.000180	-0.276936	-0.000180	1.000219	0.412489	
771	1.000227	0.000167	-0.154483	-0.000167	1.000227	0.416215	
772	1.000293	0.000116	-0.312158	-0.000116	1.000293	0.335038	
773	1.000189	0.000068	-0.125797	-0.000068	1.000189	0.372353	
774	1.000228	0.000099	-0.234161	-0.000099	1.000228	0.327906	
775	1.000165	-0.000001	-0.125004	0.000001	1.000165	0.278081	
776	1.000261	0.000030	-0.254052	-0.000030	1.000261	0.226103	
777	1.000238	0.000003	-0.158447	-0.000003	1.000238	0.295950	
778	1.000179	0.000031	-0.108821	-0.000031	1.000179	0.260992	
779	1.000206	0.000026	-0.181396	-0.000026	1.000206	0.268103	
780	1.000118	0.000072	-0.141753	-0.000072	1.000118	0.175272	
781	1.000084	0.000009	-0.017868	-0.000009	1.000084	0.191436	
782	1.000094	0.000064	-0.122560	-0.000064	1.000094	0.160594	
783	1.000080	0.000049	-0.106679	-0.000049	1.000080	0.229428	
784	1.000059	0.000115	-0.091730	-0.000115	1.000059	0.237004	
785	1.000149	0.000163	-0.201522	-0.000163	1.000149	0.320818	
786	1.000175	0.000221	-0.170781	-0.000221	1.000175	0.477098	
787	1.000130	0.000069	-0.104400	-0.000069	1.000130	0.317491	
788	1.000156	0.000078	-0.125168	-0.000078	1.000156	0.356798	
789	1.000134	0.000038	-0.075693	-0.000038	1.000134	0.295587	
790	1.000185	0.000049	-0.121898	-0.000049	1.000185	0.273860	
791	1.000210	-0.000011	-0.149623	0.000011	1.000210	0.215704	
792	1.000280	0.000011	-0.154715	-0.000011	1.000280	0.234896	
793	1.000238	-0.000061	-0.157348	0.000061	1.000238	0.155361	
794	1.000244	-0.000020	-0.135648	0.000020	1.000244	0.212047	
795	1.000239	0.000007	-0.082458	-0.000007	1.000239	0.258717	
796	1.000188	0.000093	-0.087484	-0.000093	1.000188	0.337680	
797	1.000221	0.000163	-0.217964	-0.000163	1.000221	0.389370	
798	1.000072	0.000127	-0.010214	-0.000127	1.000072	0.359447	
799	1.000066	0.000051	0.027850	-0.000051	1.000066	0.222765	
800	1.000047	0.000113	-0.019536	-0.000113	1.000047	0.344331	
801	1.000032	0.000115	0.084533	-0.000115	1.000032	0.335355	
802	1.000074	0.000080	0.023270	-0.000080	1.000074	0.321180	
803	1.000137	0.000053	-0.055342	-0.000053	1.000137	0.251590	
804	1.000031	0.000055	0.057665	-0.000055	1.000031	0.315601	
805	1.000072	0.000001	0.067806	-0.000001	1.000072	0.279972	
806	1.000130	0.000045	-0.042262	-0.000045	1.000130	0.290251	
807	1.000080	0.000051	-0.027089	-0.000051	1.000080	0.309336	
808	1.000180	0.000112	-0.060387	-0.000112	1.000180	0.356243	
809	1.000201	0.000064	-0.117187	-0.000064	1.000201	0.257513	
810	1.000257	0.000072	-0.118483	-0.000072	1.000257	0.274339	
811	1.000239	0.000140	-0.122886	-0.000140	1.000239	0.438018	
812	1.000128	0.000181	-0.074258	-0.000181	1.000128	0.376715	
813	1.000155	0.000166	-0.114022	-0.000166	1.000155	0.385020	
814	1.000174	0.000173	-0.104011	-0.000173	1.000174	0.460614	
815	1.000199	0.000268	-0.225932	-0.000268	1.000199	0.468613	
816	1.000034	0.000134	0.051393	-0.000134	1.000034	0.413106	
817	1.000147	0.000208	-0.184624	-0.000208	1.000147	0.424921	
818	1.000125	0.000018	-0.046728	-0.000018	1.000125	0.297428	
819	1.000071	0.000051	0.004367	-0.000051	1.000071	0.283865	
820	1.000231	0.000078	-0.217794	-0.000078	1.000231	0.316381	
821	1.000164	0.000029	-0.104486	-0.000029	1.000164	0.362615	
822	1.000150	0.000015	-0.045607	-0.000015	1.000150	0.221306	
823	1.000153	0.000113	-0.120281	-0.000113	1.000153	0.359993	
824	1.000231	0.000079	-0.232493	-0.000079	1.000231	0.327183	
825	1.000208	0.000086	-0.146987	-0.000086	1.000208	0.330175	
826	1.000281	0.000162	-0.280433	-0.000162	1.000281	0.441203	
827	1.000221	0.000195	-0.230775	-0.000195	1.000221	0.463277	
828	1.000172	0.000151	-0.191986	-0.000151	1.000172	0.375724	
829	1.000108	0.000055	-0.039877	-0.000055	1.000108	0.240880	
830	1.000026	0.000005	0.011845	-0.000005	1.000026	0.252486	
831	0.999992	0.000044	0.083243	-0.000044	0.999992	0.236503	
832	1.000025	0.000014	0.012108	-0.000014	1.000025	0.269686	
833	1.000024	-0.000031	0.030497	0.000031	1.000024	0.162685	
834	1.000226	0.000093	-0.278271	-0.000093	1.000226	0.396792	
835	1.000054	-0.000062	0.066539	0.000062	1.000054	0.158204	
836	1.000262	0.000058	-0.258598	-0.000058	1.000262	0.280932	
837	1.000157	0.000034	-0.119944	-0.000034	1.000157	0.223740	
838	1.000220	0.000082	-0.222848	-0.000082	1.000220	0.338099	
839	1.000229	0.000086	-0.187668	-0.000086	1.000229	0.276945	
840	1.000270	0.000131	-0.337294	-0.000131	1.000270	0.360211	
841	1.000244	0.000130	-0.248601	-0.000130	1.000244	0.344239	
842	1.000313	0.000243	-0.419915	-0.000243	1.000313	0.407453	
843	1.000249	0.000152	-0.281585	-0.000152	1.000249	0.336548	
844	1.000284	0.000162	-0.278415	-0.000162	1.000284	0.355036	
845	1.000253	0.000161	-0.263634	-0.000161	1.000253	0.394683	
846	1.000181	0.000039	-0.095566	-0.000039	1.000181	0.181523	
847	1.000218	0.000131	-0.241932	-0.000131	1.000218	0.239833	
848	1.000133	-0.000033	-0.074695	0.000033	1.000133	0.210448	
849	1.000188	-0.000032	-0.133260	0.000032	1.000188	0.183118	
850	1.000117	-0.000071	-0.029712	0.000071	1.000117	0.157582	
851	1.000060	-0.000108	0.019378	0.000108	1.000060	0.105306	
852	1.000084	-0.000058	-0.045942	0.000058	1.000084	0.153694	
853	1.000106	-0.000074	-0.019801	0.000074	1.000106	0.134210	
854	1.000176	0.000011	-0.115863	-0.000011	1.000176	0.239980	
855	1.000182	0.000077	-0.197445	-0.000077	1.000182	0.247716	
856	1.000201	0.000092	-0.198064	-0.000092	1.000201	0.317061	
857	1.000234	0.000054	-0.289833	-0.000054	1.000234	0.172375	
858	1.000268	0.000039	-0.238165	-0.000039	1.000268	0.183584	
859	1.000271	-0.000019	-0.269376	0.000019	1.000271	0.080560	
860	1.000198	-0.000029	-0.188509	0.000029	1.000198	0.144685	
861	1.000232	-0.000021	-0.197247	0.000021	1.000232	0.121359	
862	1.000164	-0.000011	-0.190989	0.000011	1.000164	0.158815	
863	1.000279	-0.000029	-0.339304	0.000029	1.000279	0.153197	
864	1.000181	-0.000017	-0.156598	0.000017	1.000181	0.175423	
865	1.000040	-0.000048	-0.011417	0.000048	1.000040	0.082656	
866	1.000055	-0.000061	0.000932	0.000061	1.000055	0.125894	
867	1.000046	-0.000036	-0.038397	0.000036	1.000046	0.065065	
868	1.000004	-0.000011	0.005713	0.000011	1.000004	0.133452	
869	1.000086	0.000167	-0.113289	-0.000167	1.000086	0.341403	
870	1.000026	0.000017	0.091516	-0.000017	1.000026	0.209629	
871	1.000079	0.000032	-0.081693	-0.000032	1.000079	0.193884	
872	1.000051	0.000045	-0.018032	-0.000045	1.000051	0.270865	
873	1.000085	0.000036	-0.063903	-0.000036	1.000085	0.215443	
874	1.000091	0.000008	0.008915	-0.000008	1.000091	0.151757	
875	1.000147	0.000071	-0.124336	-0.000071	1.000147	0.209490	
876	1.000127	0.000096	-0.055031	-0.000096	1.000127	0.336488	
877	1.000126	0.000055	-0.065754	-0.000055	1.000126	0.266035	
878	1.000212	0.000132	-0.193126	-0.000132	1.000212	0.306508	
879	1.000145	0.000035	-0.038019	-0.000035	1.000145	0.310359	
880	1.000104	0.000011	0.040266	-0.000011	1.000104	0.186528	
881	0.999983	-0.000002	0.175488	0.000002	0.999983	0.190197	
882	1.000134	0.000127	-0.097807	-0.000127	1.000134	0.328231	
883	0.999986	0.000016	0.141818	-0.000016	0.999986	0.226317	
884	0.999954	0.000050	0.134540	-0.000050	0.999954	0.263245	
885	0.999975	0.000001	0.150648	-0.000001	0.999975	0.176593	
886	0.999954	-0.000014	0.177477	0.000014	0.999954	0.143134	
887	0.999954	-0.000009	0.179166	0.000009	0.999954	0.137258	
888	1.000011	0.000013	0.047905	-0.000013	1.000011	0.119479	
889	1.000009	0.000021	0.078079	-0.000021	1.000009	0.189762	
890	1.000038	0.000027	0.054364	-0.000027	1.000038	0.154877	
891	1.000070	0.000031	0.073084	-0.000031	1.000070	0.191435	
892	1.000131	0.000046	-0.058127	-0.000046	1.000131	0.171512	
893	1.000139	0.000027	-0.027905	-0.000027	1.000139	0.215944	
894	1.000166	0.000022	-0.050579	-0.000022	1.000166	0.160046	
895	1.000161	0.000009	-0.122300	-0.000009	1.000161	0.129083	
896	1.000191	0.000042	-0.071931	-0.000042	1.000191	0.247022	
897	1.000114	0.000027	-0.004685	-0.000027	1.000114	0.202064	
898	1.000037	-0.000024	0.074496	0.000024	1.000037	0.032691	
899	1.000038	-0.000018	0.020202	0.000018	1.000038	0.144978	
900	1.000057	-0.000010	0.036675	0.000010	1.000057	0.144578	
901	1.000031	-0.000018	0.046124	0.000018	1.000031	0.099497	
902	1.000004	-0.000008	0.062822	0.000008	1.000004	0.105241	
903	0.999952	-0.000046	0.119040	0.000046	0.999952	0.064803	
904	0.999975	-0.000041	0.120775	0.000041	0.999975	0.052181	
905	0.999969	-0.000030	0.122416	0.000030	0.999969	0.037530	
906	0.999986	-0.000030	0.112053	0.000030	0.999986	0.106159	
907	0.999981	-0.000027	0.118221	0.000027	0.999981	0.118629	
908	1.000035	0.000009	0.078574	-0.000009	1.000035	0.107030	
909	1.000039	-0.000019	0.013231	0.000019	1.000039	0.075507	
910	1.000143	0.000111	-0.115679	-0.000111	1.000143	0.246085	
911	1.000062	0.000089	-0.026709	-0.000089	1.000062	0.260412	
912	1.000063	0.000035	0.037666	-0.000035	1.000063	0.185184	
913	1.000158	0.000131	-0.100448	-0.000131	1.000158	0.338451	
914	1.000081	0.000052	-0.084013	-0.000052	1.000081	0.185949	
915	0.999983	0.000043	0.074273	-0.000043	0.999983	0.217447	
916	0.999980	0.000003	0.083546	-0.000003	0.999980	0.129164	
917	0.999965	-0.000044	0.155532	0.000044	0.999965	0.027069	
918	1.000042	0.000080	0.042434	-0.000080	1.000042	0.161421	
919	1.000042	0.000044	0.008613	-0.000044	1.000042	0.192632	
920	1.000012	0.000099	0.113394	-0.000099	1.000012	0.277654	
921	1.000029	0.000101	0.043958	-0.000101	1.000029	0.272691	
922	1.000024	0.000013	0.093610	-0.000013	1.000024	0.122957	
923	0.999987	-0.000017	0.145008	0.000017	0.999987	0.116343	
924	1.000033	0.000033	-0.016627	-0.000033	1.000033	0.173694	
925	1.000052	0.000022	0.000124	-0.000022	1.000052	0.169104	
926	1.000019	-0.000006	0.050767	0.000006	1.000019	0.157536	
927	0.999974	0.000061	0.088072	-0.000061	0.999974	0.287548	
928	1.000030	0.000042	0.067611	-0.000042	1.000030	0.219773	
929	0.999962	-0.000051	0.173700	0.000051	0.999962	0.116253	
930	1.000012	0.000045	0.069037	-0.000045	1.000012	0.138706	
931	0.999919	0.000046	0.117320	-0.000046	0.999919	0.222091	
932	0.999878	0.000009	0.241342	-0.000009	0.999878	0.091601	
933	0.999824	-0.000066	0.271352	0.000066	0.999824	0.053293	
934	0.999831	-0.000040	0.264675	0.000040	0.999831	0.041781	
935	0.999851	-0.000009	0.259920	0.000009	0.999851	0.131006	
936	0.999839	-0.000053	0.294535	0.000053	0.999839	0.080143	
937	0.999828	-0.000035	0.312475	0.000035	0.999828	0.123819	
938	0.999910	0.000020	0.188162	-0.000020	0.999910	0.199707	
939	0.999931	0.000019	0.130374	-0.000019	0.999931	0.122344	
940	0.999799	-0.000029	0.317380	0.000029	0.999799	0.096185	
941	0.999882	-0.000028	0.253450	0.000028	0.999882	0.107574	
942	0.999917	0.000029	0.150620	-0.000029	0.999917	0.196884	
943	0.999833	0.000052	0.214473	-0.000052	0.999833	0.225070	
944	0.999883	-0.000014	0.185348	0.000014	0.999883	0.137497	
945	0.999909	0.000008	0.190263	-0.000008	0.999909	0.163026	
946	0.999896	0.000001	0.145934	-0.000001	0.999896	0.087317	
947	0.999882	-0.000036	0.252934	0.000036	0.999882	0.099866	
948	0.999923	0.000019	0.139512	-0.000019	0.999923	0.131157	
949	0.999894	0.000017	0.156228	-0.000017	0.999894	0.083236	
950	0.999897	0.000035	0.197484	-0.000035	0.999897	0.102763	
951	0.999834	-0.000028	0.333621	0.000028	0.999834	0.053843	
952	0.999827	-0.000077	0.278800	0.000077	0.999827	-0.030066	
953	0.999810	-0.000098	0.323366	0.000098	0.999810	-0.050641	
954	0.999867	-0.000083	0.215727	0.000083	0.999867	-0.017801	
955	0.999939	-0.000021	0.109161	0.000021	0.999939	0.159532	
956	0.999906	-0.000130	0.204187	0.000130	0.999906	-0.054714	
957	0.999944	-0.000071	0.110501	0.000071	0.999944	0.044942	
958	0.999943	-0.000013	0.163454	0.000013	0.999943	0.166108	
959	0.999886	0.000004	0.208572	-0.000004	0.999886	0.167788	
960	0.999955	-0.000045	0.093393	0.000045	0.999955	0.042137	
961	0.999987	-0.000010	0.033435	0.000010	0.999987	0.127637	
962	0.999985	-0.000042	0.100470	0.000042	0.999985	0.079993	
963	0.999906	-0.000135	0.184849	0.000135	0.999906	-0.133870	
964	0.999921	-0.000040	0.115312	0.000040	0.999921	0.039152	
965	0.999912	-0.000006	0.191487	0.000006	0.999912	0.050229	
966	0.999871	-0.000033	0.176204	0.000033	0.999871	0.055391	
967	0.999898	-0.000107	0.244262	0.000107	0.999898	-0.074865	
968	0.999883	0.000017	0.172578	-0.000017	0.999883	0.101827	
969	0.999825	-0.000003	0.319776	0.000003	0.999825	0.089500	
970	0.999828	-0.000034	0.255995	0.000034	0.999828	0.059830	
971	0.999814	-0.000065	0.363430	0.000065	0.999814	0.082059	
972	0.999888	-0.000029	0.220002	0.000029	0.999888	0.056701	
973	0.999918	0.000049	0.108053	-0.000049	0.999918	0.207513	
974	0.999897	-0.000021	0.256064	0.000021	0.999897	0.081105	
975	0.999835	-0.000007	0.245165	0.000007	0.999835	0.201413	
976	0.999897	-0.000055	0.204113	0.000055	0.999897	0.010574	
977	0.999884	-0.000103	0.303619	0.000103	0.999884	0.075419	
978	0.999842	-0.000088	0.249071	0.000088	0.999842	0.063893	
979	0.999865	-0.000007	0.204440	0.000007	0.999865	0.108482	
980	0.999895	0.000007	0.156601	-0.000007	0.999895	0.185468	
981	0.999891	-0.000005	0.107571	0.000005	0.999891	0.088339	
982	0.999912	-0.000027	0.139574	0.000027	0.999912	0.063250	
983	0.999983	0.000009	0.019252	-0.000009	0.999983	0.160813	
984	0.999929	-0.000014	0.074648	0.000014	0.999929	0.085113	
985	0.999857	-0.000063	0.149811	0.000063	0.999857	-0.001598	
986	0.999961	-0.000012	0.008031	0.000012	0.999961	0.172547	
987	0.999907	-0.000099	0.112506	0.000099	0.999907	-0.024164	
988	0.999975	-0.000114	0.038930	0.000114	0.999975	-0.047924	
989	0.999966	-0.000133	0.069307	0.000133	0.999966	-0.010907	
990	0.999968	-0.000035	0.135738	0.000035	0.999968	0.074824	
991	0.999968	-0.000034	0.078257	0.000034	0.999968	0.115501	
992	1.000008	-0.000140	-0.001621	0.000140	1.000008	-0.094321	
993	0.999966	-0.000071	0.116821	0.000071	0.999966	-0.021964	
994	0.999926	-0.000108	0.047728	0.000108	0.999926	-0.019471	
995	0.999908	-0.000153	0.159044	0.000153	0.999908	-0.134557	
996	0.999944	-0.000162	0.213641	0.000162	0.999944	-0.093804	
997	0.999963	-0.000136	0.112107	0.000136	0.999963	-0.091629	
998	0.999974	-0.000064	0.064320	0.000064	0.999974	0.026642	
999	0.999923	-0.000091	0.137732	0.000091	0.999923	0.040152	
1000	1.000065	0.000030	-0.052238	-0.000030	1.000065	0.085962	
1001	0.999947	-0.000030	0.086633	0.000030	0.999947	0.112254	
1002	0.999964	0.000032	0.058010	-0.000032	0.999964	0.159027	
1003	0.999955	0.000065	0.034278	-0.000065	0.999955	0.256895	
1004	0.999918	0.000102	0.129679	-0.000102	0.999918	0.204564	
1005	0.999934	0.000079	0.061511	-0.000079	0.999934	0.199609	
1006	0.999957	0.000066	0.136126	-0.000066	0.999957	0.229874	
1007	0.999836	0.000048	0.269756	-0.000048	0.999836	0.199393	
1008	1.000034	0.000155	-0.078062	-0.000155	1.000034	0.379927	
1009	0.999857	0.000017	0.196216	-0.000017	0.999857	0.184177	
1010	0.999850	-0.000031	0.209093	0.000031	0.999850	0.154674	
1011	0.999925	0.000036	0.074726	-0.000036	0.999925	0.135273	
1012	0.999891	0.000078	0.162555	-0.000078	0.999891	0.228258	
1013	0.999914	0.000032	0.132610	-0.000032	0.999914	0.161688	
1014	0.999903	-0.000014	0.158037	0.000014	0.999903	0.123804	
1015	0.999940	-0.000057	0.102175	0.000057	0.999940	0.056819	
1016	0.999958	-0.000029	0.065160	0.000029	0.999958	0.094368	
1017	0.999859	0.000025	0.173016	-0.000025	0.999859	0.163961	
1018	0.999974	0.000017	0.045356	-0.000017	0.999974	0.120592	
1019	0.999985	0.000026	0.001934	-0.000026	0.999985	0.223510	
1020	0.999994	-0.000006	-0.006189	0.000006	0.999994	0.196001	
1021	0.999998	0.000039	-0.033919	-0.000039	0.999998	0.211216	
1022	1.000036	0.000039	-0.089993	-0.000039	1.000036	0.219795	
1023	1.000026	0.000073	-0.070407	-0.000073	1.000026	0.232278	
1024	1.000044	-0.000016	-0.068546	0.000016	1.000044	0.078228	
1025	1.000003	-0.000055	0.010821	0.000055	1.000003	0.091395	
1026	0.999986	-0.000110	0.049057	0.000110	0.999986	-0.017587	
1027	0.999937	-0.000149	0.119380	0.000149	0.999937	-0.059015	
1028	0.999923	-0.000128	0.127103	0.000128	0.999923	-0.078432	
1029	0.999968	-0.000087	0.022454	0.000087	0.999968	-0.001486	
1030	0.999959	-0.000098	0.130622	0.000098	0.999959	0.017492	
1031	1.000010	-0.000184	0.007823	0.000184	1.000010	-0.135832	
1032	0.999976	-0.000055	0.024631	0.000055	0.999976	0.009868	
1033	0.999969	-0.000036	0.041644	0.000036	0.999969	0.068828	
1034	0.999963	-0.000034	0.042620	0.000034	0.999963	0.024896	
1035	0.999967	-0.000056	0.077919	0.000056	0.999967	0.020530	
1036	0.999975	0.000005	-0.021648	-0.000005	0.999975	0.123204	
1037	0.999990	-0.000034	0.013130	0.000034	0.999990	0.153182	
1038	1.000008	0.000009	-0.030784	-0.000009	1.000008	0.178417	
1039	0.999912	0.000064	0.147625	-0.000064	0.999912	0.271768	
1040	0.999935	0.000030	0.063184	-0.000030	0.999935	0.239753	
1041	0.999944	0.000053	0.071300	-0.000053	0.999944	0.273378	
1042	0.999936	0.000020	0.068868	-0.000020	0.999936	0.162721	
1043	0.999976	0.000063	0.020986	-0.000063	0.999976	0.202509	
1044	0.999970	0.000059	0.017582	-0.000059	0.999970	0.193744	
1045	0.999951	0.000053	0.050735	-0.000053	0.999951	0.211617	
1046	0.999919	0.000072	0.070879	-0.000072	0.999919	0.214520	
1047	0.999909	0.000066	0.158550	-0.000066	0.999909	0.244038	
1048	0.999963	0.000055	0.039460	-0.000055	0.999963	0.260993	
1049	1.000028	0.000079	-0.048085	-0.000079	1.000028	0.200293	
1050	0.999898	0.000004	0.054048	-0.000004	0.999898	0.144415	
1051	0.999959	0.000037	0.052374	-0.000037	0.999959	0.164523	
1052	0.999928	0.000038	0.068471	-0.000038	0.999928	0.227993	
1053	0.999908	0.000046	0.018468	-0.000046	0.999908	0.230421	
1054	0.999960	0.000048	-0.005867	-0.000048	0.999960	0.213515	
1055	0.999972	0.000074	-0.003805	-0.000074	0.999972	0.287758	
1056	0.999988	0.000061	-0.043196	-0.000061	0.999988	0.220124	
1057	0.999974	0.000076	-0.041059	-0.000076	0.999974	0.199045	
1058	0.999917	0.000080	-0.019375	-0.000080	0.999917	0.270185	
1059	0.999963	0.000096	0.044194	-0.000096	0.999963	0.236382	
1060	0.999967	0.000109	-0.024923	-0.000109	0.999967	0.239855	
1061	1.000028	0.000109	-0.018398	-0.000109	1.000028	0.197591	
1062	1.000012	0.000047	-0.034256	-0.000047	1.000012	0.140928	
1063	1.000060	0.000044	-0.077824	-0.000044	1.000060	0.121861	
1064	1.000039	-0.000020	-0.033416	0.000020	1.000039	0.063460	
1065	1.000048	-0.000021	-0.023782	0.000021	1.000048	0.136745	
1066	1.000040	0.000012	-0.051409	-0.000012	1.000040	0.147663	
1067	1.000046	-0.000001	-0.143926	0.000001	1.000046	0.111908	
1068	1.000081	0.000087	-0.163764	-0.000087	1.000081	0.197508	
1069	1.000050	0.000092	-0.079694	-0.000092	1.000050	0.245686	
1070	1.000017	0.000062	-0.072403	-0.000062	1.000017	0.165638	
1071	1.000035	0.000066	-0.072111	-0.000066	1.000035	0.194416	
1072	1.000007	0.000060	-0.074951	-0.000060	1.000007	0.104421	
1073	1.000029	0.000078	-0.113109	-0.000078	1.000029	0.228897	
1074	1.000054	0.000067	-0.099006	-0.000067	1.000054	0.183031	
1075	1.000132	0.000043	-0.223456	-0.000043	1.000132	0.168027	
1076	1.000045	0.000035	-0.067849	-0.000035	1.000045	0.143466	
1077	1.000061	-0.000000	-0.103013	0.000000	1.000061	0.055732	
1078	1.000072	-0.000029	-0.161739	0.000029	1.000072	0.043700	
1079	1.000073	-0.000015	-0.109427	0.000015	1.000073	0.125260	
1080	1.000060	0.000033	-0.119631	-0.000033	1.000060	0.108332	
1081	1.000013	0.000039	-0.136034	-0.000039	1.000013	0.176679	
1082	1.000036	0.000060	-0.135645	-0.000060	1.000036	0.220312	
1083	1.000021	-0.000021	-0.126089	0.000021	1.000021	0.074798	
1084	0.999980	0.000036	-0.082724	-0.000036	0.999980	0.155813	
1085	1.000060	0.000093	-0.184269	-0.000093	1.000060	0.242900	
1086	0.999967	0.000096	-0.103046	-0.000096	0.999967	0.259786	
1087	1.000008	0.000079	-0.136216	-0.000079	1.000008	0.206090	
1088	0.999933	0.000107	-0.003458	-0.000107	0.999933	0.277816	
1089	0.999938	0.000083	-0.027238	-0.000083	0.999938	0.188779	
1090	1.000023	0.000096	-0.156148	-0.000096	1.000023	0.234186	
1091	1.000023	0.000054	-0.098466	-0.000054	1.000023	0.151159	
1092	1.000004	0.000045	-0.098053	-0.000045	1.000004	0.119664	
1093	1.000024	0.000080	-0.136290	-0.000080	1.000024	0.206291	
1094	0.999969	0.000023	-0.016228	-0.000023	0.999969	0.094071	
1095	1.000001	0.000063	-0.043687	-0.000063	1.000001	0.200328	
1096	1.000028	0.000096	-0.153234	-0.000096	1.000028	0.203396	
1097	0.999978	0.000076	-0.017423	-0.000076	0.999978	0.225846	
1098	1.000034	0.000066	-0.116318	-0.000066	1.000034	0.131037	
1099	1.000062	0.000106	-0.190561	-0.000106	1.000062	0.294251	
1100	0.999999	0.000141	-0.078118	-0.000141	0.999999	0.291280	
1101	1.000052	0.000107	-0.124394	-0.000107	1.000052	0.297244	
1102	1.000130	0.000110	-0.229996	-0.000110	1.000130	0.222971	
1103	1.000043	0.000093	-0.105225	-0.000093	1.000043	0.288573	
1104	1.000054	0.000073	-0.090707	-0.000073	1.000054	0.196309	
1105	1.000050	0.000077	-0.089808	-0.000077	1.000050	0.268262	
1106	0.999997	0.000054	-0.003398	-0.000054	0.999997	0.143592	
1107	1.000006	0.000119	-0.072933	-0.000119	1.000006	0.316535	
1108	1.000011	0.000046	-0.053978	-0.000046	1.000011	0.193977	
1109	1.000009	0.000050	-0.114652	-0.000050	1.000009	0.168856	
1110	1.000080	0.000109	-0.158703	-0.000109	1.000080	0.205907	
1111	1.000013	0.000085	-0.051137	-0.000085	1.000013	0.209011	
1112	1.000023	0.000061	-0.047163	-0.000061	1.000023	0.234851	
1113	1.000078	0.000121	-0.167080	-0.000121	1.000078	0.250412	
1114	1.000118	0.000151	-0.252856	-0.000151	1.000118	0.284136	
1115	1.000078	0.000171	-0.054580	-0.000171	1.000078	0.406593	
1116	1.000082	0.000147	-0.147271	-0.000147	1.000082	0.273817	
1117	1.000057	0.000205	-0.136976	-0.000205	1.000057	0.405018	
1118	1.000011	0.000102	-0.033311	-0.000102	1.000011	0.240135	
1119	1.000025	0.000150	-0.086917	-0.000150	1.000025	0.319945	
1120	1.000048	0.000091	-0.025914	-0.000091	1.000048	0.248614	
1121	1.000163	0.000114	-0.244797	-0.000114	1.000163	0.252854	
1122	1.000014	0.000100	-0.006068	-0.000100	1.000014	0.303766	
1123	0.999960	0.000080	0.040570	-0.000080	0.999960	0.265069	
1124	1.000064	0.000073	-0.157412	-0.000073	1.000064	0.166996	
1125	0.999916	0.000086	0.133206	-0.000086	0.999916	0.287016	
1126	0.999938	0.000133	0.021464	-0.000133	0.999938	0.264359	
1127	0.999981	0.000147	0.006902	-0.000147	0.999981	0.286244	
1128	1.000003	0.000161	0.000907	-0.000161	1.000003	0.287427	
1129	0.999978	0.000107	0.002741	-0.000107	0.999978	0.226541	
1130	1.000048	0.000141	-0.057434	-0.000141	1.000048	0.322288	
1131	1.000010	0.000121	-0.018283	-0.000121	1.000010	0.316190	
1132	1.000115	0.000165	-0.097242	-0.000165	1.000115	0.340539	
1133	1.000107	0.000224	-0.178635	-0.000224	1.000107	0.467103	
1134	1.000074	0.000173	-0.093543	-0.000173	1.000074	0.385239	
1135	1.000109	0.000140	-0.193589	-0.000140	1.000109	0.279045	
1136	1.000078	0.000193	-0.142468	-0.000193	1.000078	0.393355	
1137	1.000079	0.000246	-0.197164	-0.000246	1.000079	0.495485	
1138	1.000049	0.000194	-0.059560	-0.000194	1.000049	0.445378	
1139	1.000090	0.000209	-0.211001	-0.000209	1.000090	0.393687	
1140	1.000054	0.000163	-0.088995	-0.000163	1.000054	0.355965	
1141	0.999984	0.000126	-0.104595	-0.000126	0.999984	0.261514	
1142	0.999983	0.000122	-0.055644	-0.000122	0.999983	0.185435	
1143	1.000119	0.000085	-0.201150	-0.000085	1.000119	0.090261	
1144	1.000044	0.000089	-0.125286	-0.000089	1.000044	0.168171	
1145	1.000106	0.000067	-0.186797	-0.000067	1.000106	0.125527	
1146	1.000173	0.000093	-0.327570	-0.000093	1.000173	0.191384	
1147	1.000143	0.000075	-0.246686	-0.000075	1.000143	0.154430	
1148	1.000085	0.000168	-0.212016	-0.000168	1.000085	0.326361	
1149	1.000171	0.000151	-0.306990	-0.000151	1.000171	0.287105	
1150	1.000164	0.000211	-0.307201	-0.000211	1.000164	0.370936	
1151	1.000172	0.000214	-0.305936	-0.000214	1.000172	0.401745	
1152	1.000184	0.000166	-0.296923	-0.000166	1.000184	0.280918	
1153	1.000147	0.000137	-0.207648	-0.000137	1.000147	0.252212	
1154	1.000182	0.000168	-0.345706	-0.000168	1.000182	0.234540	
1155	1.000203	0.000177	-0.339963	-0.000177	1.000203	0.250201	
1156	1.000158	0.000204	-0.319972	-0.000204	1.000158	0.321836	
1157	1.000193	0.000166	-0.303642	-0.000166	1.000193	0.305624	
1158	1.000231	0.000182	-0.328522	-0.000182	1.000231	0.277509	
1159	1.000146	0.000133	-0.282945	-0.000133	1.000146	0.195396	
1160	1.000095	0.000146	-0.200514	-0.000146	1.000095	0.258157	
1161	1.000160	0.000069	-0.250458	-0.000069	1.000160	0.151196	
1162	1.000081	0.000163	-0.230486	-0.000163	1.000081	0.277284	
1163	1.000112	0.000130	-0.164729	-0.000130	1.000112	0.270916	
1164	1.000134	0.000166	-0.287771	-0.000166	1.000134	0.334558	
1165	1.000095	0.000111	-0.203790	-0.000111	1.000095	0.251523	
1166	1.000112	0.000157	-0.207453	-0.000157	1.000112	0.329330	
1167	1.000175	0.000184	-0.278426	-0.000184	1.000175	0.361373	
1168	1.000185	0.000214	-0.295048	-0.000214	1.000185	0.391965	
1169	1.000171	0.000199	-0.291152	-0.000199	1.000171	0.317523	
1170	1.000219	0.000180	-0.304785	-0.000180	1.000219	0.281034	
1171	1.000219	0.000186	-0.369864	-0.000186	1.000219	0.320980	
1172	1.000095	0.000165	-0.148315	-0.000165	1.000095	0.343270	
1173	1.000151	0.000132	-0.264779	-0.000132	1.000151	0.203978	
1174	1.000177	0.000116	-0.270597	-0.000116	1.000177	0.211668	
1175	1.000174	0.000119	-0.324923	-0.000119	1.000174	0.231537	
1176	1.000142	0.000152	-0.257881	-0.000152	1.000142	0.283634	
1177	1.000168	0.000148	-0.294647	-0.000148	1.000168	0.300685	
1178	1.000133	0.000142	-0.215948	-0.000142	1.000133	0.244361	
1179	1.000077	0.000124	-0.157780	-0.000124	1.000077	0.286965	
1180	1.000166	0.000110	-0.219777	-0.000110	1.000166	0.235508	
1181	1.000117	0.000115	-0.160567	-0.000115	1.000117	0.267179	
1182	1.000111	0.000153	-0.191632	-0.000153	1.000111	0.266783	
1183	1.000153	0.000128	-0.226993	-0.000128	1.000153	0.174700	
1184	1.000121	0.000109	-0.165674	-0.000109	1.000121	0.199471	
1185	1.000210	0.000036	-0.330825	-0.000036	1.000210	0.082669	
1186	1.000235	0.000067	-0.356025	-0.000067	1.000235	0.165649	
1187	1.000209	0.000096	-0.223770	-0.000096	1.000209	0.127340	
1188	1.000114	0.000159	-0.149872	-0.000159	1.000114	0.280643	
1189	1.000221	0.000153	-0.356178	-0.000153	1.000221	0.196918	
1190	1.000186	0.000195	-0.244842	-0.000195	1.000186	0.328728	
1191	1.000231	0.000145	-0.304949	-0.000145	1.000231	0.232645	
1192	1.000204	0.000164	-0.293995	-0.000164	1.000204	0.237871	
1193	1.000232	0.000183	-0.319958	-0.000183	1.000232	0.251871	
1194	1.000247	0.000158	-0.322227	-0.000158	1.000247	0.251675	
1195	1.000183	0.000241	-0.309343	-0.000241	1.000183	0.355734	
1196	1.000207	0.000210	-0.291725	-0.000210	1.000207	0.324498	
1197	1.000190	0.000255	-0.271887	-0.000255	1.000190	0.409584	
1198	1.000218	0.000215	-0.265207	-0.000215	1.000218	0.340374	
1199	1.000191	0.000179	-0.292798	-0.000179	1.000191	0.248843	
1200	1.000199	0.000141	-0.217995	-0.000141	1.000199	0.262470	
1201	1.000217	0.000160	-0.382792	-0.000160	1.000217	0.266775	
1202	1.000155	0.000114	-0.225343	-0.000114	1.000155	0.197622	
1203	1.000245	0.000116	-0.264925	-0.000116	1.000245	0.175419	
1204	1.000206	0.000092	-0.282690	-0.000092	1.000206	0.158076	
1205	1.000057	0.000115	-0.096877	-0.000115	1.000057	0.200650	
1206	1.000212	0.000142	-0.271488	-0.000142	1.000212	0.128802	
1207	1.000234	0.000151	-0.316076	-0.000151	1.000234	0.249923	
1208	1.000190	0.000121	-0.227512	-0.000121	1.000190	0.241135	
1209	1.000184	0.000144	-0.258409	-0.000144	1.000184	0.233159	
1210	1.000181	0.000112	-0.255061	-0.000112	1.000181	0.222002	
1211	1.000179	0.000101	-0.315593	-0.000101	1.000179	0.172981	
1212	1.000207	0.000123	-0.283313	-0.000123	1.000207	0.212020	
1213	1.000154	0.000153	-0.270008	-0.000153	1.000154	0.227587	
1214	1.000187	0.000110	-0.296625	-0.000110	1.000187	0.227448	
1215	1.000171	0.000168	-0.284063	-0.000168	1.000171	0.315113	
1216	1.000126	0.000176	-0.239406	-0.000176	1.000126	0.309742	
1217	1.000125	0.000150	-0.249502	-0.000150	1.000125	0.245960	
1218	1.000204	0.000132	-0.278396	-0.000132	1.000204	0.204867	
1219	1.000231	0.000151	-0.325349	-0.000151	1.000231	0.256464	
1220	1.000171	0.000195	-0.208774	-0.000195	1.000171	0.274360	
1221	1.000175	0.000173	-0.322015	-0.000173	1.000175	0.265172	
1222	1.000196	0.000147	-0.231075	-0.000147	1.000196	0.271628	
1223	1.000201	0.000157	-0.320473	-0.000157	1.000201	0.180200	
1224	1.000160	0.000142	-0.239840	-0.000142	1.000160	0.257150	
1225	1.000179	0.000152	-0.293352	-0.000152	1.000179	0.275806	
1226	1.000153	0.000203	-0.247204	-0.000203	1.000153	0.330329	
1227	1.000119	0.000183	-0.240158	-0.000183	1.000119	0.321065	
1228	1.000151	0.000210	-0.270372	-0.000210	1.000151	0.345130	
1229	1.000135	0.000174	-0.251253	-0.000174	1.000135	0.284921	
1230	1.000113	0.000176	-0.154193	-0.000176	1.000113	0.207750	
1231	1.000103	0.000202	-0.130684	-0.000202	1.000103	0.347813	
1232	1.000093	0.000227	-0.228225	-0.000227	1.000093	0.348243	
1233	1.000107	0.000234	-0.172246	-0.000234	1.000107	0.372479	
1234	1.000080	0.000222	-0.172738	-0.000222	1.000080	0.345236	
1235	1.000097	0.000241	-0.188812	-0.000241	1.000097	0.347419	
1236	1.000154	0.000213	-0.222540	-0.000213	1.000154	0.404393	
1237	1.000180	0.000237	-0.312415	-0.000237	1.000180	0.400027	
1238	1.000112	0.000231	-0.230801	-0.000231	1.000112	0.373479	
1239	1.000160	0.000173	-0.251427	-0.000173	1.000160	0.309056	
1240	1.000122	0.000194	-0.179014	-0.000194	1.000122	0.314093	
1241	1.000193	0.000219	-0.332379	-0.000219	1.000193	0.390199	
1242	1.000140	0.000202	-0.203835	-0.000202	1.000140	0.328158	
1243	1.000143	0.000222	-0.231963	-0.000222	1.000143	0.368953	
1244	1.000138	0.000204	-0.257589	-0.000204	1.000138	0.302943	
1245	1.000151	0.000164	-0.233042	-0.000164	1.000151	0.269611	
1246	1.000149	0.000143	-0.232043	-0.000143	1.000149	0.210958	
1247	1.000147	0.000157	-0.197672	-0.000157	1.000147	0.216022	
1248	1.000149	0.000181	-0.325250	-0.000181	1.000149	0.356632	
1249	1.000121	0.000137	-0.146038	-0.000137	1.000121	0.217380	
1250	1.000170	0.000117	-0.248370	-0.000117	1.000170	0.220049	
1251	1.000125	0.000137	-0.212565	-0.000137	1.000125	0.205103	
1252	1.000116	0.000186	-0.169534	-0.000186	1.000116	0.354502	
1253	1.000159	0.000144	-0.263609	-0.000144	1.000159	0.287679	
1254	1.000211	0.000257	-0.354936	-0.000257	1.000211	0.361152	
1255	1.000188	0.000274	-0.366998	-0.000274	1.000188	0.469965	
1256	1.000179	0.000194	-0.345466	-0.000194	1.000179	0.374201	
1257	1.000196	0.000168	-0.299190	-0.000168	1.000196	0.355493	
1258	1.000124	0.000215	-0.310902	-0.000215	1.000124	0.308211	
1259	1.000138	0.000218	-0.266103	-0.000218	1.000138	0.389295	
1260	1.000159	0.000173	-0.248829	-0.000173	1.000159	0.199693	
1261	1.000127	0.000189	-0.273512	-0.000189	1.000127	0.320724	
1262	1.000102	0.000180	-0.186137	-0.000180	1.000102	0.330786	
1263	1.000101	0.000123	-0.171642	-0.000123	1.000101	0.326821	
1264	1.000154	0.000117	-0.255198	-0.000117	1.000154	0.248938	
1265	1.000129	0.000082	-0.150464	-0.000082	1.000129	0.325427	
1266	1.000158	0.000120	-0.286875	-0.000120	1.000158	0.254526	
1267	1.000173	0.000040	-0.269440	-0.000040	1.000173	0.083842	
1268	1.000142	0.000075	-0.240500	-0.000075	1.000142	0.217697	
1269	1.000135	0.000125	-0.174585	-0.000125	1.000135	0.394320	
1270	1.000155	0.000159	-0.301927	-0.000159	1.000155	0.255721	
1271	1.000162	0.000108	-0.231556	-0.000108	1.000162	0.286625	
1272	1.000186	0.000181	-0.205408	-0.000181	1.000186	0.294184	
1273	1.000185	0.000198	-0.284029	-0.000198	1.000185	0.334008	
1274	1.000192	0.000218	-0.258708	-0.000218	1.000192	0.318841	
1275	1.000192	0.000253	-0.242764	-0.000253	1.000192	0.451700	
1276	1.000197	0.000274	-0.246932	-0.000274	1.000197	0.444297	
1277	1.000197	0.000297	-0.386511	-0.000297	1.000197	0.470101	
1278	1.000241	0.000246	-0.361375	-0.000246	1.000241	0.338422	
1279	1.000224	0.000271	-0.342581	-0.000271	1.000224	0.367901	
1280	1.000170	0.000231	-0.332831	-0.000231	1.000170	0.308950	
1281	1.000163	0.000224	-0.285622	-0.000224	1.000163	0.252700	
1282	1.000173	0.000148	-0.267440	-0.000148	1.000173	0.260412	
1283	1.000141	0.000180	-0.252341	-0.000180	1.000141	0.270859	
1284	1.000118	0.000144	-0.198961	-0.000144	1.000118	0.234698	
1285	1.000111	0.000118	-0.180861	-0.000118	1.000111	0.249082	
1286	1.000113	0.000170	-0.210074	-0.000170	1.000113	0.265728	
1287	1.000139	0.000209	-0.287852	-0.000209	1.000139	0.394528	
1288	1.000128	0.000223	-0.236093	-0.000223	1.000128	0.404088	
1289	1.000158	0.000169	-0.263685	-0.000169	1.000158	0.290474	
1290	1.000186	0.000200	-0.276176	-0.000200	1.000186	0.378109	
1291	1.000187	0.000178	-0.324277	-0.000178	1.000187	0.328248	
1292	1.000154	0.000192	-0.259302	-0.000192	1.000154	0.317562	
1293	1.000210	0.000254	-0.386221	-0.000254	1.000210	0.384821	
1294	1.000161	0.000234	-0.254944	-0.000234	1.000161	0.338433	
1295	1.000186	0.000256	-0.317079	-0.000256	1.000186	0.363829	
1296	1.000155	0.000221	-0.300100	-0.000221	1.000155	0.320577	
1297	1.000156	0.000195	-0.269258	-0.000195	1.000156	0.269518	
1298	1.000128	0.000194	-0.251270	-0.000194	1.000128	0.322731	
1299	1.000123	0.000132	-0.200131	-0.000132	1.000123	0.242290	
1300	1.000161	0.000105	-0.266465	-0.000105	1.000161	0.221981	
1301	1.000175	0.000149	-0.283336	-0.000149	1.000175	0.313472	
1302	1.000156	0.000188	-0.250338	-0.000188	1.000156	0.337777	
1303	1.000173	0.000193	-0.290049	-0.000193	1.000173	0.308811	
1304	1.000188	0.000190	-0.278889	-0.000190	1.000188	0.323644	
1305	1.000208	0.000199	-0.299621	-0.000199	1.000208	0.268089	
1306	1.000217	0.000236	-0.361984	-0.000236	1.000217	0.362791	
1307	1.000224	0.000223	-0.377913	-0.000223	1.000224	0.347874	
1308	1.000148	0.000284	-0.270997	-0.000284	1.000148	0.410956	
1309	1.000174	0.000304	-0.337743	-0.000304	1.000174	0.400433	
1310	1.000205	0.000258	-0.395051	-0.000258	1.000205	0.344923	
1311	1.000172	0.000308	-0.342112	-0.000308	1.000172	0.401676	
1312	1.000166	0.000353	-0.387620	-0.000353	1.000166	0.516883	
1313	1.000176	0.000336	-0.387530	-0.000336	1.000176	0.473952	
1314	1.000209	0.000312	-0.449219	-0.000312	1.000209	0.450594	
1315	1.000180	0.000303	-0.342571	-0.000303	1.000180	0.482000	
1316	1.000182	0.000274	-0.383796	-0.000274	1.000182	0.467676	
1317	1.000157	0.000298	-0.322405	-0.000298	1.000157	0.450748	
1318	1.000180	0.000273	-0.333277	-0.000273	1.000180	0.503572	
1319	1.000147	0.000253	-0.276749	-0.000253	1.000147	0.390342	
1320	1.000168	0.000308	-0.337314	-0.000308	1.000168	0.412384	
1321	1.000089	0.000261	-0.240281	-0.000261	1.000089	0.424960	
1322	1.000069	0.000284	-0.109576	-0.000284	1.000069	0.445053	
1323	1.000105	0.000293	-0.241469	-0.000293	1.000105	0.429870	
1324	1.000153	0.000296	-0.298312	-0.000296	1.000153	0.399907	
1325	1.000090	0.000354	-0.267938	-0.000354	1.000090	0.543079	
1326	1.000099	0.000357	-0.262004	-0.000357	1.000099	0.583817	
1327	1.000106	0.000362	-0.247611	-0.000362	1.000106	0.602519	
1328	1.000103	0.000404	-0.244201	-0.000404	1.000103	0.623746	
1329	1.000130	0.000390	-0.255831	-0.000390	1.000130	0.609771	
1330	1.000150	0.000356	-0.321868	-0.000356	1.000150	0.571846	
1331	1.000134	0.000306	-0.301894	-0.000306	1.000134	0.493773	
1332	1.000198	0.000362	-0.373532	-0.000362	1.000198	0.542646	
1333	1.000222	0.000272	-0.305224	-0.000272	1.000222	0.443507	
1334	1.000235	0.000316	-0.433839	-0.000316	1.000235	0.392684	
1335	1.000276	0.000362	-0.484645	-0.000362	1.000276	0.542640	
1336	1.000274	0.000346	-0.424568	-0.000346	1.000274	0.490343	
1337	1.000239	0.000263	-0.389880	-0.000263	1.000239	0.433406	
1338	1.000229	0.000311	-0.391019	-0.000311	1.000229	0.425046	
1339	1.000236	0.000301	-0.438628	-0.000301	1.000236	0.389266	
1340	1.000242	0.000299	-0.356069	-0.000299	1.000242	0.398124	
1341	1.000217	0.000295	-0.401417	-0.000295	1.000217	0.382181	
1342	1.000228	0.000278	-0.416366	-0.000278	1.000228	0.372601	
1343	1.000242	0.000308	-0.427069	-0.000308	1.000242	0.483029	
1344	1.000201	0.000230	-0.391746	-0.000230	1.000201	0.286273	
1345	1.000162	0.000263	-0.330822	-0.000263	1.000162	0.409648	
1346	1.000180	0.000365	-0.404194	-0.000365	1.000180	0.601889	
1347	1.000204	0.000329	-0.409965	-0.000329	1.000204	0.515672	
1348	1.000199	0.000379	-0.412424	-0.000379	1.000199	0.568496	
1349	1.000272	0.000366	-0.459687	-0.000366	1.000272	0.582266	
1350	1.000284	0.000332	-0.411246	-0.000332	1.000284	0.488906	
1351	1.000266	0.000324	-0.467873	-0.000324	1.000266	0.525161	
1352	1.000250	0.000341	-0.395256	-0.000341	1.000250	0.480250	
1353	1.000225	0.000398	-0.394750	-0.000398	1.000225	0.535986	
1354	1.000256	0.000384	-0.405048	-0.000384	1.000256	0.540379	
1355	1.000231	0.000330	-0.403556	-0.000330	1.000231	0.455340	
1356	1.000178	0.000234	-0.191838	-0.000234	1.000178	0.306882	
1357	1.000162	0.000299	-0.337149	-0.000299	1.000162	0.483702	
1358	1.000132	0.000241	-0.167455	-0.000241	1.000132	0.401382	
1359	1.000152	0.000251	-0.192614	-0.000251	1.000152	0.412038	
1360	1.000170	0.000281	-0.314556	-0.000281	1.000170	0.429077	
1361	1.000169	0.000327	-0.296629	-0.000327	1.000169	0.498173	
1362	1.000138	0.000319	-0.208817	-0.000319	1.000138	0.540925	
1363	1.000165	0.000278	-0.219129	-0.000278	1.000165	0.408371	
1364	1.000182	0.000374	-0.341480	-0.000374	1.000182	0.509720	
1365	1.000227	0.000334	-0.256422	-0.000334	1.000227	0.537259	
1366	1.000263	0.000310	-0.405693	-0.000310	1.000263	0.502647	
1367	1.000233	0.000326	-0.306426	-0.000326	1.000233	0.509500	
1368	1.000259	0.000350	-0.363278	-0.000350	1.000259	0.596264	
1369	1.000196	0.000274	-0.288182	-0.000274	1.000196	0.414230	
1370	1.000201	0.000267	-0.268938	-0.000267	1.000201	0.391033	
1371	1.000229	0.000256	-0.290716	-0.000256	1.000229	0.419565	
1372	1.000197	0.000254	-0.226992	-0.000254	1.000197	0.423494	
1373	1.000213	0.000251	-0.264530	-0.000251	1.000213	0.396393	
1374	1.000222	0.000295	-0.328342	-0.000295	1.000222	0.454974	
1375	1.000253	0.000320	-0.361536	-0.000320	1.000253	0.411167	
1376	1.000206	0.000275	-0.304505	-0.000275	1.000206	0.398921	
1377	1.000201	0.000280	-0.344432	-0.000280	1.000201	0.426367	
1378	1.000271	0.000398	-0.456301	-0.000398	1.000271	0.550624	
1379	1.000265	0.000379	-0.478011	-0.000379	1.000265	0.535766	
1380	1.000286	0.000355	-0.478503	-0.000355	1.000286	0.574090	
1381	1.000304	0.000372	-0.488000	-0.000372	1.000304	0.511502	
1382	1.000255	0.000383	-0.482421	-0.000383	1.000255	0.555767	
1383	1.000289	0.000347	-0.435230	-0.000347	1.000289	0.521215	
1384	1.000326	0.000359	-0.485953	-0.000359	1.000326	0.501609	
1385	1.000338	0.000371	-0.510978	-0.000371	1.000338	0.562525	
1386	1.000318	0.000323	-0.445523	-0.000323	1.000318	0.551815	
1387	1.000257	0.000257	-0.297577	-0.000257	1.000257	0.420345	
1388	1.000237	0.000154	-0.243714	-0.000154	1.000237	0.294359	
1389	1.000271	0.000350	-0.428807	-0.000350	1.000271	0.560007	
1390	1.000194	0.000280	-0.289856	-0.000280	1.000194	0.465660	
1391	1.000174	0.000232	-0.197431	-0.000232	1.000174	0.380020	
1392	1.000192	0.000325	-0.297226	-0.000325	1.000192	0.458389	
1393	1.000205	0.000348	-0.288235	-0.000348	1.000205	0.474298	
1394	1.000189	0.000281	-0.251153	-0.000281	1.000189	0.446137	
1395	1.000195	0.000323	-0.300249	-0.000323	1.000195	0.422597	
1396	1.000173	0.000315	-0.289498	-0.000315	1.000173	0.446826	
1397	1.000220	0.000335	-0.308595	-0.000335	1.000220	0.468631	
1398	1.000201	0.000327	-0.235123	-0.000327	1.000201	0.465196	
1399	1.000252	0.000337	-0.323896	-0.000337	1.000252	0.476311	
1400	1.000252	0.000344	-0.395549	-0.000344	1.000252	0.535794	
1401	1.000313	0.000319	-0.384653	-0.000319	1.000313	0.462732	
1402	1.000304	0.000240	-0.392262	-0.000240	1.000304	0.478833	
1403	1.000364	0.000313	-0.485263	-0.000313	1.000364	0.533929	
1404	1.000339	0.000291	-0.441640	-0.000291	1.000339	0.472449	
1405	1.000268	0.000324	-0.343337	-0.000324	1.000268	0.525880	
1406	1.000284	0.000315	-0.380074	-0.000315	1.000284	0.525299	
1407	1.000322	0.000373	-0.477918	-0.000373	1.000322	0.519291	
1408	1.000288	0.000286	-0.375925	-0.000286	1.000288	0.422025	
1409	1.000275	0.000262	-0.392061	-0.000262	1.000275	0.353254	
1410	1.000299	0.000270	-0.401504	-0.000270	1.000299	0.332522	
1411	1.000309	0.000313	-0.378943	-0.000313	1.000309	0.288402	
1412	1.000331	0.000295	-0.432879	-0.000295	1.000331	0.329308	
1413	1.000356	0.000331	-0.522018	-0.000331	1.000356	0.434753	
1414	1.000334	0.000308	-0.426068	-0.000308	1.000334	0.350709	
1415	1.000413	0.000390	-0.601201	-0.000390	1.000413	0.475765	
1416	1.000388	0.000353	-0.510454	-0.000353	1.000388	0.465881	
1417	1.000394	0.000328	-0.520799	-0.000328	1.000394	0.473048	
1418	1.000396	0.000360	-0.554859	-0.000360	1.000396	0.562543	
1419	1.000442	0.000367	-0.592660	-0.000367	1.000442	0.546571	
1420	1.000406	0.000345	-0.504654	-0.000345	1.000406	0.501253	
1421	1.000411	0.000301	-0.471748	-0.000301	1.000411	0.467407	
1422	1.000412	0.000293	-0.470306	-0.000293	1.000412	0.476461	
1423	1.000394	0.000272	-0.499685	-0.000272	1.000394	0.365050	
1424	1.000390	0.000330	-0.487865	-0.000330	1.000390	0.448554	
1425	1.000348	0.000295	-0.406854	-0.000295	1.000348	0.383676	
1426	1.000377	0.000339	-0.484873	-0.000339	1.000377	0.350508	
1427	1.000335	0.000321	-0.410802	-0.000321	1.000335	0.446609	
1428	1.000329	0.000354	-0.415263	-0.000354	1.000329	0.443753	
1429	1.000305	0.000356	-0.369373	-0.000356	1.000305	0.367471	
1430	1.000274	0.000349	-0.350545	-0.000349	1.000274	0.413236	
1431	1.000288	0.000379	-0.345301	-0.000379	1.000288	0.409884	
1432	1.000270	0.000427	-0.337155	-0.000427	1.000270	0.491712	
1433	1.000275	0.000388	-0.384150	-0.000388	1.000275	0.500326	
1434	1.000347	0.000348	-0.406365	-0.000348	1.000347	0.469198	
1435	1.000330	0.000358	-0.435934	-0.000358	1.000330	0.518280	
1436	1.000333	0.000444	-0.407627	-0.000444	1.000333	0.568654	
1437	1.000333	0.000417	-0.408534	-0.000417	1.000333	0.629540	
1438	1.000362	0.000423	-0.507481	-0.000423	1.000362	0.595935	
1439	1.000325	0.000464	-0.424673	-0.000464	1.000325	0.503679	
1440	1.000332	0.000364	-0.435839	-0.000364	1.000332	0.241586	
1441	1.000284	0.000336	-0.363185	-0.000336	1.000284	0.396500	
1442	1.000266	0.000379	-0.386394	-0.000379	1.000266	0.354050	
1443	1.000265	0.000314	-0.361546	-0.000314	1.000265	0.232794	
1444	1.000220	0.000319	-0.286476	-0.000319	1.000220	0.124079	
1445	1.000214	0.000254	-0.286797	-0.000254	1.000214	-0.147962	
1446	1.000267	0.000302	-0.316490	-0.000302	1.000267	-0.442161	
1447	1.000210	0.000276	-0.290884	-0.000276	1.000210	0.144921	
1448	1.000219	0.000231	-0.329064	-0.000231	1.000219	0.134622	
1449	1.000245	0.000220	-0.311619	-0.000220	1.000245	0.141482	
1450	1.000275	0.000303	-0.401057	-0.000303	1.000275	0.261951	
1451	1.000312	0.000289	-0.422322	-0.000289	1.000312	0.324299	
1452	1.000255	0.000322	-0.390385	-0.000322	1.000255	0.299343	
1453	1.000360	0.000281	-0.486346	-0.000281	1.000360	0.284349	
1454	1.000410	0.000315	-0.651401	-0.000315	1.000410	0.370540	
1455	1.000444	0.000327	-0.624951	-0.000327	1.000444	0.256694	
1456	1.000492	0.000298	-0.664353	-0.000298	1.000492	0.313763	
1457	1.000454	0.000345	-0.629716	-0.000345	1.000454	0.479805	
1458	1.000379	0.000295	-0.561124	-0.000295	1.000379	0.353656	
1459	1.000419	0.000313	-0.582800	-0.000313	1.000419	0.335303	
1460	1.000414	0.000325	-0.567950	-0.000325	1.000414	0.384329	
1461	1.000421	0.000328	-0.570010	-0.000328	1.000421	0.356127	
1462	1.000360	0.000319	-0.500088	-0.000319	1.000360	0.250081	
1463	1.000354	0.000267	-0.491787	-0.000267	1.000354	0.366680	
1464	1.000321	0.000266	-0.402481	-0.000266	1.000321	0.263214	
1465	1.000293	0.000209	-0.345967	-0.000209	1.000293	0.239884	
1466	1.000252	0.000216	-0.247751	-0.000216	1.000252	0.282464	
1467	1.000255	0.000173	-0.311006	-0.000173	1.000255	0.183431	
1468	1.000355	0.000211	-0.409951	-0.000211	1.000355	0.242932	
1469	1.000324	0.000265	-0.417854	-0.000265	1.000324	0.327175	
1470	1.000311	0.000272	-0.444090	-0.000272	1.000311	0.353704	
1471	1.000327	0.000350	-0.395648	-0.000350	1.000327	0.479809	
1472	1.000425	0.000357	-0.514915	-0.000357	1.000425	0.451194	
1473	1.000366	0.000366	-0.460393	-0.000366	1.000366	0.463923	
1474	1.000247	0.000345	-0.381903	-0.000345	1.000247	0.428937	
1475	1.000348	0.000341	-0.489690	-0.000341	1.000348	0.486515	
1476	1.000341	0.000356	-0.479175	-0.000356	1.000341	0.477279	
1477	1.000310	0.000280	-0.458479	-0.000280	1.000310	0.373192	
1478	1.000275	0.000257	-0.393910	-0.000257	1.000275	0.347361	
1479	1.000286	0.000297	-0.525164	-0.000297	1.000286	0.408913	
1480	1.000237	0.000226	-0.339855	-0.000226	1.000237	0.254993	
1481	1.000266	0.000191	-0.432804	-0.000191	1.000266	0.283680	
1482	1.000263	0.000191	-0.391098	-0.000191	1.000263	0.305138	
1483	1.000222	0.000134	-0.334316	-0.000134	1.000222	0.216083	
1484	1.000217	0.000115	-0.303212	-0.000115	1.000217	0.132216	
1485	1.000225	0.000111	-0.284826	-0.000111	1.000225	0.129578	
1486	1.000217	0.000121	-0.304782	-0.000121	1.000217	0.045964	
1487	1.000322	0.000239	-0.492497	-0.000239	1.000322	0.206554	
1488	1.000276	0.000298	-0.453114	-0.000298	1.000276	0.428283	
1489	1.000256	0.000284	-0.414016	-0.000284	1.000256	0.367903	
1490	1.000374	0.000328	-0.567650	-0.000328	1.000374	0.386803	
1491	1.000369	0.000340	-0.537652	-0.000340	1.000369	0.447613	
1492	1.000385	0.000351	-0.571656	-0.000351	1.000385	0.486441	
1493	1.000341	0.000301	-0.504082	-0.000301	1.000341	0.397827	
1494	1.000365	0.000301	-0.530240	-0.000301	1.000365	0.419482	
1495	1.000312	0.000263	-0.428067	-0.000263	1.000312	0.394176	
1496	1.000259	0.000268	-0.349534	-0.000268	1.000259	0.382344	
1497	1.000191	0.000236	-0.238741	-0.000236	1.000191	0.303988	
1498	1.000223	0.000216	-0.313253	-0.000216	1.000223	0.250790	
1499	1.000166	0.000213	-0.151308	-0.000213	1.000166	0.302214	
