0	1.000000	0.000000	0.000000	0.000000	1.000000	0.000000	
1	1.003199	0.000209	-0.522869	-0.000209	1.003199	0.651750	
2	1.005697	-0.000181	-0.648763	0.000181	1.005697	-1.138788	
3	1.003396	0.001464	-0.100155	-0.001464	1.003396	-1.640987	
4	1.005657	0.005632	-1.095020	-0.005632	1.005657	-0.402630	
5	1.006807	0.004936	-0.951249	-0.004936	1.006807	-4.356035	
6	1.002931	-0.001521	-3.458658	0.001521	1.002931	1.025925	
7	1.002767	-0.005417	-6.011051	0.005417	1.002767	6.274714	
8	1.003879	0.002385	-2.553988	-0.002385	1.003879	-1.535974	
9	1.007913	0.005323	-4.421778	-0.005323	1.007913	-5.438904	
10	1.004267	-0.001125	-7.072845	0.001125	1.004267	0.966054	
11	1.004187	-0.004569	-4.425413	0.004569	1.004187	-2.057792	
12	1.007455	-0.006867	-5.009664	0.006867	1.007455	-6.585366	
13	1.004081	0.004481	0.573937	-0.004481	1.004081	-1.432005	
14	1.004291	0.007111	-1.445216	-0.007111	1.004291	5.523221	
15	1.005445	0.003775	-1.932455	-0.003775	1.005445	-0.339621	
16	1.004561	-0.001789	-2.107946	0.001789	1.004561	-1.046436	
17	1.005304	-0.004095	-1.687229	0.004095	1.005304	1.993297	
18	1.004315	0.004380	0.757600	-0.004380	1.004315	-0.163391	
19	1.008259	0.002984	1.591060	-0.002984	1.008259	-2.854410	
20	1.004797	0.000294	1.217445	-0.000294	1.004797	-1.425733	
21	1.006276	-0.002102	3.583431	0.002102	1.006276	-1.967946	
22	1.006436	0.000978	4.217203	-0.000978	1.006436	-1.344638	
23	1.003668	0.001015	4.154991	-0.001015	1.003668	1.937129	
24	1.004091	0.002406	4.211932	-0.002406	1.004091	3.146026	
25	1.004584	0.007583	5.753445	-0.007583	1.004584	1.685015	
26	1.002918	0.007400	3.746744	-0.007400	1.002918	4.685180	
27	1.005759	0.004840	2.759339	-0.004840	1.005759	-2.658636	
28	1.003717	0.000922	2.003812	-0.000922	1.003717	-0.102808	
29	1.003916	-0.003758	2.153348	0.003758	1.003916	3.162680	
30	1.004279	0.000003	1.816949	-0.000003	1.004279	-4.008038	
31	1.005542	0.006325	2.691226	-0.006325	1.005542	-0.412324	
32	1.003603	0.002616	2.819907	-0.002616	1.003603	0.746885	
33	1.003624	0.001262	1.042118	-0.001262	1.003624	4.588310	
34	1.003813	-0.002179	2.370992	0.002179	1.003813	-1.158613	
35	1.006193	-0.001888	5.007116	0.001888	1.006193	-3.038211	
36	1.002968	0.001822	4.986861	-0.001822	1.002968	2.585915	
37	1.007475	0.000326	10.289164	-0.000326	1.007475	-5.720130	
38	1.003641	-0.001268	4.187395	0.001268	1.003641	-1.300805	
39	1.004843	0.000546	11.071311	-0.000546	1.004843	1.517527	
40	1.006421	0.013026	12.757190	-0.013026	1.006421	1.284524	
41	1.005360	0.006430	10.127574	-0.006430	1.005360	0.324837	
42	1.008288	-0.000543	9.053250	0.000543	1.008288	-2.399291	
43	1.004650	-0.000753	3.865310	0.000753	1.004650	-0.995773	
44	1.006417	0.005935	9.507394	-0.005935	1.006417	2.497580	
45	1.009782	0.007441	6.080016	-0.007441	1.009782	-1.979414	
46	1.006685	0.001108	2.320719	-0.001108	1.006685	-2.348156	
47	1.007069	-0.003046	3.031757	0.003046	1.007069	0.168394	
48	1.008661	0.002096	4.549791	-0.002096	1.008661	-2.277866	
49	1.004685	0.005939	2.900557	-0.005939	1.004685	4.003180	
50	1.008732	0.013728	3.527821	-0.013728	1.008732	0.968968	
51	1.005171	0.002765	-0.557094	-0.002765	1.005171	-2.103414	
52	1.005829	0.003216	-3.272647	-0.003216	1.005829	2.334996	
53	1.008983	-0.000837	-6.266989	0.000837	1.008983	-6.142117	
54	1.008672	-0.002614	-6.845652	0.002614	1.008672	-5.843753	
55	1.007280	-0.008661	-8.206586	0.008661	1.007280	-7.132692	
56	1.005696	-0.006611	-4.258163	0.006611	1.005696	-0.721636	
57	1.005027	-0.002344	-4.942468	0.002344	1.005027	5.772805	
58	1.011052	0.002919	-1.576445	-0.002919	1.011052	-5.344450	
59	1.005579	0.000402	-1.967470	-0.000402	1.005579	-0.228722	
60	1.006707	0.004558	0.207619	-0.004558	1.006707	2.143574	
61	1.008505	0.005852	0.067167	-0.005852	1.008505	-4.371061	
62	1.009836	0.005588	-4.007533	-0.005588	1.009836	1.413315	
63	1.015011	-0.004101	-3.828697	0.004101	1.015011	-3.422490	
64	1.007908	-0.007834	-5.738548	0.007834	1.007908	-4.403721	
65	1.017063	-0.004048	-4.550123	0.004048	1.017063	-1.825720	
66	1.006278	-0.000890	-1.388411	0.000890	1.006278	-1.286923	
67	1.009880	0.003843	-4.045879	-0.003843	1.009880	-3.332881	
68	1.004043	0.001656	-1.385458	-0.001656	1.004043	2.321700	
69	1.004617	0.002639	-3.976204	-0.002639	1.004617	9.196816	
70	1.005974	-0.016420	-5.360060	0.016420	1.005974	0.256066	
71	1.007235	-0.008263	-0.687641	0.008263	1.007235	-11.607039	
72	1.010403	0.012835	4.419886	-0.012835	1.010403	-12.820271	
73	0.999925	0.014517	-4.879870	-0.014517	0.999925	17.557211	
74	1.008615	-0.001382	-4.210300	0.001382	1.008615	-9.372685	
75	1.008201	0.000414	-2.971043	-0.000414	1.008201	-16.214520	
76	1.004060	0.006696	-7.187994	-0.006696	1.004060	7.426303	
77	1.001991	-0.007340	0.918891	0.007340	1.001991	6.116457	
78	1.004416	0.003295	-3.687445	-0.003295	1.004416	0.171168	
79	1.008601	-0.004874	-7.314917	0.004874	1.008601	-6.684487	
80	1.002268	-0.004888	-2.831078	0.004888	1.002268	3.357472	
81	1.004709	-0.010332	-2.164370	0.010332	1.004709	2.603871	
82	1.004666	0.000150	2.534920	-0.000150	1.004666	-1.375343	
83	1.006564	0.005430	1.134925	-0.005430	1.006564	1.837557	
84	1.004968	0.003478	2.305388	-0.003478	1.004968	-5.035824	
85	1.006788	0.008684	-0.294941	-0.008684	1.006788	-0.967553	
86	1.006313	-0.002558	-2.455534	0.002558	1.006313	-2.043895	
87	1.006730	-0.006628	-2.827774	0.006628	1.006730	-6.305518	
88	1.005178	-0.003299	-2.574441	0.003299	1.005178	-2.117139	
89	1.006172	0.000884	-1.265174	-0.000884	1.006172	2.118735	
90	1.004763	-0.002341	-1.141189	0.002341	1.004763	-1.934700	
91	1.006165	-0.004662	-2.704666	0.004662	1.006165	0.143300	
92	1.007846	0.002789	0.088189	-0.002789	1.007846	-2.166257	
93	1.007201	0.008868	1.613189	-0.008868	1.007201	-1.783436	
94	1.008329	0.009844	-2.804160	-0.009844	1.008329	-0.485772	
95	1.002843	-0.002359	-4.028960	0.002359	1.002843	-1.148260	
96	1.004436	-0.009640	-4.935307	0.009640	1.004436	-5.522784	
97	1.002786	-0.005614	-3.846273	0.005614	1.002786	-1.035290	
98	1.002921	-0.001141	-1.876538	0.001141	1.002921	-1.058053	
99	1.007357	-0.003130	-8.860796	0.003130	1.007357	-2.097958	
100	0.999835	0.001225	-1.883529	-0.001225	0.999835	0.661721	
101	1.000792	0.001661	-5.973167	-0.001661	1.000792	1.559628	
102	1.005048	0.000307	-5.905645	-0.000307	1.005048	-1.463046	
103	1.007906	-0.000618	-12.392584	0.000618	1.007906	-2.436621	
104	0.999681	-0.001365	-5.060237	0.001365	0.999681	0.963910	
105	1.004421	-0.000041	-7.903964	0.000041	1.004421	-0.329127	
106	1.012694	-0.000184	-9.334353	0.000184	1.012694	-4.386900	
107	0.998036	0.025293	17.163470	-0.025293	0.998036	3.323652	
108	1.015847	-0.008557	-10.748500	0.008557	1.015847	-3.390857	
109	0.989138	-0.004679	25.211683	0.004679	0.989138	6.920071	
110	1.014000	-0.000843	-8.886147	0.000843	1.014000	-3.681122	
111	1.009426	-0.001341	-8.365146	0.001341	1.009426	-0.128330	
112	1.010300	0.000786	-7.731720	-0.000786	1.010300	-2.235337	
113	1.008015	0.000333	-5.886301	-0.000333	1.008015	-0.746615	
114	1.011411	-0.001982	-9.502463	0.001982	1.011411	-1.503461	
115	1.004131	-0.001651	-4.215915	0.001651	1.004131	-0.736861	
116	1.004525	-0.002474	-5.488024	0.002474	1.004525	1.216043	
117	1.005024	0.001281	-4.045821	-0.001281	1.005024	-0.244584	
118	1.024296	0.004907	-6.586700	-0.004907	1.024296	-4.500289	
119	1.005553	-0.001435	-6.427373	0.001435	1.005553	-1.388481	
120	1.017291	-0.003159	-3.792053	0.003159	1.017291	-3.310562	
121	1.005366	-0.001197	-4.630139	0.001197	1.005366	-1.431211	
122	1.009875	0.002468	-3.387182	-0.002468	1.009875	-0.102885	
123	1.004544	0.001610	-3.032730	-0.001610	1.004544	-0.003495	
124	1.005190	0.002524	-3.556664	-0.002524	1.005190	-0.423658	
125	1.003781	0.001826	-2.089276	-0.001826	1.003781	-0.171064	
126	1.004684	-0.000319	-2.571447	0.000319	1.004684	0.100690	
127	1.008114	0.002122	-2.783978	-0.002122	1.008114	-1.062434	
128	1.004152	0.000961	-2.628635	-0.000961	1.004152	-1.179586	
129	1.005856	-0.000960	-3.421348	0.000960	1.005856	-1.732612	
130	1.005301	-0.000210	-4.942348	0.000210	1.005301	0.147107	
131	1.003846	-0.001320	-2.414126	0.001320	1.003846	-1.495467	
132	1.001473	-0.002605	-1.833836	0.002605	1.001473	-1.648650	
133	1.000839	-0.000554	-1.938862	0.000554	1.000839	-0.481469	
134	1.001341	-0.000236	-3.109713	0.000236	1.001341	-1.553225	
135	1.000501	-0.000402	-1.368378	0.000402	1.000501	0.301606	
136	1.002215	0.001104	-2.150799	-0.001104	1.002215	-0.949486	
137	1.008936	-0.000657	-3.719915	0.000657	1.008936	-1.326605	
138	1.006547	0.000019	-2.548982	-0.000019	1.006547	-1.062159	
139	1.006136	-0.002295	-4.395739	0.002295	1.006136	-1.332901	
140	1.002236	-0.000963	-2.159502	0.000963	1.002236	-0.237877	
141	1.004925	-0.001119	-2.664846	0.001119	1.004925	-1.101728	
142	1.004549	0.000391	-2.942727	-0.000391	1.004549	0.388182	
143	1.005342	0.000879	-2.677484	-0.000879	1.005342	-0.920748	
144	1.006129	0.000661	-5.784575	-0.000661	1.006129	-0.044328	
145	1.003200	0.000213	-2.689530	-0.000213	1.003200	0.128144	
146	1.005229	-0.001286	-4.249139	0.001286	1.005229	-2.778518	
147	1.005364	-0.000265	-3.502512	0.000265	1.005364	-0.921370	
148	1.004521	0.001176	-2.545421	-0.001176	1.004521	-0.886015	
149	1.003590	-0.000445	-3.565709	0.000445	1.003590	-1.586685	
150	1.002471	-0.000207	-3.341362	0.000207	1.002471	-0.115037	
151	1.001955	-0.001240	-3.444886	0.001240	1.001955	-1.226062	
152	1.003994	0.000861	-2.676796	-0.000861	1.003994	-0.361501	
153	1.011106	0.008283	-4.904737	-0.008283	1.011106	2.379687	
154	1.007703	-0.001745	-3.943572	0.001745	1.007703	-0.928636	
155	1.001474	-0.000846	-0.805439	0.000846	1.001474	-3.671219	
156	1.005060	-0.001121	2.184645	0.001121	1.005060	-10.144077	
157	1.000023	0.005222	-1.559445	-0.005222	1.000023	9.237246	
158	1.002546	0.000930	6.828382	-0.000930	1.002546	-5.691566	
159	1.002536	0.004948	0.051406	-0.004948	1.002536	0.311449	
160	0.996699	-0.008085	1.793846	0.008085	0.996699	5.501568	
161	0.999203	-0.009406	8.798974	0.009406	0.999203	2.854160	
162	1.003508	0.002246	2.080482	-0.002246	1.003508	5.731594	
163	1.006312	0.006430	9.496972	-0.006430	1.006312	0.388163	
164	1.001980	0.004524	4.312623	-0.004524	1.001980	2.196399	
165	1.001742	0.006475	8.435277	-0.006475	1.001742	3.577703	
166	1.001691	0.007700	8.492145	-0.007700	1.001691	1.984576	
167	1.014044	0.019797	12.040935	-0.019797	1.014044	7.523031	
168	1.002630	0.009325	10.795876	-0.009325	1.002630	2.316860	
169	1.010676	0.009007	14.431043	-0.009007	1.010676	-2.641666	
170	1.007945	0.000420	13.596552	-0.000420	1.007945	-2.263306	
171	1.002193	0.005755	15.776252	-0.005755	1.002193	7.788507	
172	1.033789	0.028103	37.363798	-0.028103	1.033789	3.832906	
173	1.006197	0.011320	15.565456	-0.011320	1.006197	0.418599	
174	1.009718	0.006429	24.890295	-0.006429	1.009718	-4.648555	
175	1.007642	0.000226	18.364043	-0.000226	1.007642	-2.607277	
176	1.005551	0.004209	17.799127	-0.004209	1.005551	-1.063470	
177	1.020655	0.013720	29.481031	-0.013720	1.020655	-2.339216	
178	1.008734	0.004731	14.281551	-0.004731	1.008734	-1.441031	
179	0.995134	-0.005961	18.768313	0.005961	0.995134	2.071976	
180	1.005287	-0.000910	9.838826	0.000910	1.005287	3.130236	
181	0.995670	0.007293	27.510169	-0.007293	0.995670	-6.488583	
182	1.001541	0.009060	8.254273	-0.009060	1.001541	2.764318	
183	0.999809	-0.000319	16.118208	0.000319	0.999809	3.362225	
184	1.005245	-0.003035	11.063504	0.003035	1.005245	-4.555474	
185	1.008164	-0.000097	11.250444	0.000097	1.008164	-2.303981	
186	1.004642	0.007097	12.833951	-0.007097	1.004642	-2.471036	
187	1.009314	0.001578	7.356272	-0.001578	1.009314	-7.307461	
188	1.008877	0.003598	10.493230	-0.003598	1.008877	-2.484817	
189	1.002438	-0.000755	2.824324	0.000755	1.002438	1.520730	
190	1.002702	0.000896	5.744690	-0.000896	1.002702	2.176133	
191	1.005754	0.004886	6.166522	-0.004886	1.005754	-3.251900	
192	1.005221	0.001129	0.931484	-0.001129	1.005221	-2.607640	
193	1.008396	-0.006999	-2.925094	0.006999	1.008396	-5.195054	
194	1.013002	-0.002536	-0.895558	0.002536	1.013002	-6.513855	
195	1.008098	0.004923	-0.469081	-0.004923	1.008098	-4.975138	
196	1.008569	0.003824	3.332630	-0.003824	1.008569	-7.507133	
197	1.005908	0.005795	-3.855239	-0.005795	1.005908	17.408839	
198	1.003820	-0.003957	1.831911	0.003957	1.003820	3.006508	
199	1.007972	0.000925	-0.770103	-0.000925	1.007972	4.716001	
200	1.003370	-0.001228	5.737601	0.001228	1.003370	5.363020	
201	1.002408	0.000378	-2.322624	-0.000378	1.002408	4.698326	
202	1.003053	-0.004214	2.058084	0.004214	1.003053	8.659625	
203	1.004565	-0.003362	-3.830582	0.003362	1.004565	-4.486499	
204	1.007826	-0.004214	-3.557847	0.004214	1.007826	-7.270121	
205	1.003501	-0.007886	-1.686162	0.007886	1.003501	0.817447	
206	1.005654	-0.004854	-0.280936	0.004854	1.005654	-2.230419	
207	1.004263	0.000395	1.299982	-0.000395	1.004263	-1.667641	
208	1.006797	-0.001782	3.041771	0.001782	1.006797	-2.150200	
209	1.001872	-0.003623	1.183455	0.003623	1.001872	-1.272684	
210	1.007191	-0.007121	0.113668	0.007121	1.007191	-2.285728	
211	1.007671	0.000600	-0.213839	-0.000600	1.007671	0.902125	
212	1.006955	0.005654	-0.796637	-0.005654	1.006955	-0.172333	
213	1.011220	0.001016	-8.330032	-0.001016	1.011220	-3.232261	
214	1.003117	-0.002023	-5.139131	0.002023	1.003117	-1.573881	
215	1.004195	-0.006541	-11.965807	0.006541	1.004195	-4.346843	
216	1.010323	-0.007413	-16.418959	0.007413	1.010323	-8.883814	
217	1.009919	-0.004984	-15.571176	0.004984	1.009919	-8.546824	
218	1.012346	-0.001718	-25.024596	0.001718	1.012346	-3.693073	
219	1.006380	0.000606	-10.786025	-0.000606	1.006380	0.003689	
220	1.015395	0.004085	-16.173796	-0.004085	1.015395	-3.621888	
221	1.008611	0.001267	-10.559738	-0.001267	1.008611	-1.177875	
222	1.011752	-0.008360	-17.008231	0.008360	1.011752	-5.691818	
223	1.009128	-0.002944	-9.211361	0.002944	1.009128	-2.715033	
224	1.014802	0.001403	-12.233795	-0.001403	1.014802	-4.100195	
225	1.015659	0.002352	-12.459306	-0.002352	1.015659	-5.703995	
226	1.014000	-0.000972	-11.437598	0.000972	1.014000	-3.437874	
227	1.012662	-0.005957	-13.434063	0.005957	1.012662	-5.271384	
228	1.008240	-0.003370	-7.542054	0.003370	1.008240	-1.691251	
229	1.011960	-0.001932	-9.945215	0.001932	1.011960	-3.312754	
230	1.012221	0.000273	-10.172352	-0.000273	1.012221	-0.634468	
231	1.011405	0.000682	-7.766869	-0.000682	1.011405	-2.033531	
232	1.011909	0.002984	-4.002083	-0.002984	1.011909	-3.172574	
233	1.010975	-0.000215	-1.305627	0.000215	1.010975	-2.514723	
234	1.009125	-0.001184	-0.680469	0.001184	1.009125	-2.714568	
235	1.015346	0.000004	-0.137809	-0.000004	1.015346	-4.106036	
236	1.025339	-0.002981	-4.042120	0.002981	1.025339	-3.687256	
237	1.011976	-0.003041	-1.830340	0.003041	1.011976	-1.755787	
238	1.022073	-0.003863	-4.132903	0.003863	1.022073	-4.276773	
239	1.006573	-0.001829	-2.046198	0.001829	1.006573	1.988058	
240	1.018199	-0.004396	-5.496508	0.004396	1.018199	-4.944921	
241	1.014567	-0.006715	-7.211472	0.006715	1.014567	-6.990012	
242	1.008794	-0.003829	-8.668584	0.003829	1.008794	-0.021583	
243	1.011210	-0.001123	-9.039016	0.001123	1.011210	-3.578167	
244	1.010372	-0.005028	-11.353160	0.005028	1.010372	-4.371747	
245	1.012455	-0.008274	-14.902459	0.008274	1.012455	-2.539682	
246	1.011267	-0.004436	-11.450398	0.004436	1.011267	-6.179339	
247	1.013831	0.004124	-14.224054	-0.004124	1.013831	-3.884995	
248	1.006138	0.004639	-5.931256	-0.004639	1.006138	1.422932	
249	1.012737	0.002075	-11.639220	-0.002075	1.012737	-5.425293	
250	1.008683	-0.001555	-8.401770	0.001555	1.008683	-3.762780	
251	1.008321	-0.000287	-6.150341	0.000287	1.008321	-1.815465	
252	1.009059	0.000257	-5.208868	-0.000257	1.009059	-2.800082	
253	1.006507	-0.001484	-4.262981	0.001484	1.006507	-1.115578	
254	1.009445	-0.000805	-5.293973	0.000805	1.009445	-1.534903	
255	1.005673	-0.002394	-1.830821	0.002394	1.005673	-2.477029	
256	1.006928	0.000331	-2.456325	-0.000331	1.006928	-0.085044	
257	1.004953	0.003065	0.376203	-0.003065	1.004953	0.699942	
258	1.005131	0.003572	1.373104	-0.003572	1.005131	-2.004779	
259	1.007914	0.002305	1.944894	-0.002305	1.007914	-0.723455	
260	1.004310	-0.001727	1.718355	0.001727	1.004310	-1.119608	
261	1.005563	-0.004214	4.185626	0.004214	1.005563	-2.197011	
262	1.002132	-0.000459	7.508396	0.000459	1.002132	-0.693800	
263	1.003223	-0.000035	5.666470	0.000035	1.003223	-0.621738	
264	1.002824	0.000481	9.037045	-0.000481	1.002824	0.002715	
265	1.003429	0.003925	5.900975	-0.003925	1.003429	2.015600	
266	1.003252	0.009025	12.475958	-0.009025	1.003252	-1.646217	
267	1.004523	0.002630	2.989947	-0.002630	1.004523	-0.167412	
268	1.009496	0.001313	4.808358	-0.001313	1.009496	-0.714722	
269	1.008811	0.000308	5.062765	-0.000308	1.008811	-3.722453	
270	1.007182	-0.003370	2.663703	0.003370	1.007182	-1.462712	
271	1.008104	-0.001522	3.240858	0.001522	1.008104	-1.436428	
272	1.005113	0.003690	9.082294	-0.003690	1.005113	-0.542517	
273	1.006083	0.004211	4.500435	-0.004211	1.006083	1.084291	
274	1.013298	0.004615	8.420057	-0.004615	1.013298	0.418296	
275	1.015839	0.002036	6.570504	-0.002036	1.015839	-3.302913	
276	1.010897	0.000923	6.596867	-0.000923	1.010897	-2.871816	
277	1.004973	0.000968	14.494379	-0.000968	1.004973	-1.909464	
278	1.008296	0.000195	5.452811	-0.000195	1.008296	-4.300891	
279	1.003842	-0.001849	9.492018	0.001849	1.003842	0.310831	
280	1.013330	-0.002169	5.937277	0.002169	1.013330	-2.705299	
281	1.011446	0.001490	3.249886	-0.001490	1.011446	-1.445280	
282	1.007458	0.004540	4.861221	-0.004540	1.007458	2.027006	
283	1.005692	0.000576	-0.960073	-0.000576	1.005692	1.172447	
284	1.008452	-0.001160	-1.556709	0.001160	1.008452	-5.068358	
285	1.007164	-0.002102	-3.937009	0.002102	1.007164	-1.474989	
286	1.008921	0.001426	-4.006594	-0.001426	1.008921	-2.865749	
287	1.010647	0.002284	-5.570487	-0.002284	1.010647	-4.193034	
288	0.998625	-0.002900	-0.789982	0.002900	0.998625	-0.341979	
289	1.007365	-0.004098	-4.521045	0.004098	1.007365	-3.118715	
290	1.006734	-0.003422	-3.845069	0.003422	1.006734	-0.336660	
291	1.004237	0.001434	-0.515515	-0.001434	1.004237	-1.485986	
292	1.002931	0.005424	-1.473641	-0.005424	1.002931	3.844518	
293	1.003409	0.000929	-0.838161	-0.000929	1.003409	-0.881037	
294	1.003429	-0.003355	-1.476350	0.003355	1.003429	-2.076277	
295	1.005333	0.001638	1.451609	-0.001638	1.005333	-1.532424	
296	1.009351	0.002996	1.772710	-0.002996	1.009351	-1.490592	
297	1.008532	0.000735	1.644869	-0.000735	1.008532	-1.550699	
298	1.006628	-0.002485	0.302695	0.002485	1.006628	-0.639901	
299	1.009562	-0.003820	1.078567	0.003820	1.009562	-2.949757	
300	0.998649	0.001180	2.838138	-0.001180	0.998649	0.103851	
301	1.008525	0.002159	-0.802757	-0.002159	1.008525	-2.191004	
302	1.006473	0.002179	-5.021076	-0.002179	1.006473	2.914594	
303	1.007808	-0.001294	-5.601296	0.001294	1.007808	-2.034719	
304	1.006242	-0.002258	-4.965012	0.002258	1.006242	-1.710840	
305	1.007571	0.003814	-5.515880	-0.003814	1.007571	0.081688	
306	1.003808	0.005343	-0.311251	-0.005343	1.003808	1.481893	
307	1.006339	0.005329	-1.265231	-0.005329	1.006339	-0.102519	
308	1.004195	-0.003948	-1.314952	0.003948	1.004195	-2.606304	
309	1.007047	-0.005546	-1.754547	0.005546	1.007047	-2.788333	
310	1.008047	0.000856	1.138410	-0.000856	1.008047	-2.443200	
311	1.004198	0.001654	1.769926	-0.001654	1.004198	0.475545	
312	1.004471	0.002213	2.727026	-0.002213	1.004471	0.439023	
313	1.004633	0.000088	2.602674	-0.000088	1.004633	-0.985683	
314	1.002342	0.001655	3.250161	-0.001655	1.002342	1.269172	
315	1.005230	0.003339	4.466559	-0.003339	1.005230	-1.602406	
316	1.005028	-0.000507	0.112029	0.000507	1.005028	-2.517054	
317	1.005710	-0.005014	0.235404	0.005014	1.005710	-1.279508	
318	1.005258	-0.001416	-0.015570	0.001416	1.005258	-1.689314	
319	1.005351	0.001553	1.200852	-0.001553	1.005351	-1.073002	
320	1.004765	0.005659	0.901258	-0.005659	1.004765	1.670153	
321	1.009418	0.001858	-3.708247	-0.001858	1.009418	-0.309527	
322	1.006186	-0.001718	-3.681069	0.001718	1.006186	-2.426036	
323	1.007869	-0.002878	-3.442040	0.002878	1.007869	-2.070660	
324	1.008695	0.002344	-3.149961	-0.002344	1.008695	-1.160121	
325	1.023166	-0.006977	-10.314633	0.006977	1.023166	-8.898311	
326	1.014740	-0.006543	-7.825680	0.006543	1.014740	-7.185890	
327	1.008850	-0.004058	-7.113934	0.004058	1.008850	-0.120044	
328	1.029841	-0.002099	-13.631957	0.002099	1.029841	-5.592233	
329	1.010492	0.003231	-3.508570	-0.003231	1.010492	-1.387085	
330	1.021372	0.000438	-8.212338	-0.000438	1.021372	-3.908367	
331	1.006934	0.001676	-2.957122	-0.001676	1.006934	-0.672995	
332	1.008031	-0.001609	-4.288678	0.001609	1.008031	-2.121368	
333	1.006172	-0.000231	-2.242424	0.000231	1.006172	-0.872440	
334	1.008799	-0.002067	-2.935695	0.002067	1.008799	-3.265275	
335	1.008242	-0.000728	-2.567536	0.000728	1.008242	-2.572938	
336	1.006444	-0.001142	-1.091433	0.001142	1.006444	-2.263790	
337	1.005837	0.000772	-0.147584	-0.000772	1.005837	-0.504342	
338	1.003775	-0.001719	-0.276357	0.001719	1.003775	-0.420433	
339	1.011277	-0.000515	0.476111	0.000515	1.011277	-3.420043	
340	0.997426	0.005058	3.589453	-0.005058	0.997426	2.059953	
341	1.005258	0.003644	3.666833	-0.003644	1.005258	-0.111927	
342	1.005738	0.001447	2.918310	-0.001447	1.005738	2.661060	
343	1.002719	0.000105	3.436557	-0.000105	1.002719	-0.009893	
344	1.006079	0.001287	3.462142	-0.001287	1.006079	-0.286288	
345	1.002580	0.003688	2.496266	-0.003688	1.002580	0.776870	
346	1.008582	0.005275	3.965927	-0.005275	1.008582	-4.502874	
347	1.003232	0.001179	1.803437	-0.001179	1.003232	0.030434	
348	1.008538	-0.002162	4.201006	0.002162	1.008538	-0.023731	
349	1.002563	-0.000175	3.485278	0.000175	1.002563	-0.747436	
350	1.003387	0.000354	7.036373	-0.000354	1.003387	0.202129	
351	1.002847	0.004554	5.213156	-0.004554	1.002847	1.890467	
352	0.999540	0.003146	6.829803	-0.003146	0.999540	1.234380	
353	1.001097	0.000751	1.668897	-0.000751	1.001097	0.012159	
354	1.002617	0.002694	3.414807	-0.002694	1.002617	0.275490	
355	1.009455	0.005701	3.538815	-0.005701	1.009455	-3.799486	
356	1.004220	0.001812	0.055614	-0.001812	1.004220	-1.984146	
357	1.004842	-0.001639	-0.373899	0.001639	1.004842	0.455602	
358	1.005375	-0.001548	0.042444	0.001548	1.005375	-0.570838	
359	1.008856	0.001942	-0.435734	-0.001942	1.008856	-1.972352	
360	1.004375	0.004297	0.261760	-0.004297	1.004375	1.644121	
361	1.007085	0.003754	-3.926558	-0.003754	1.007085	2.238512	
362	1.007656	-0.000032	-5.280917	0.000032	1.007656	-4.984896	
363	1.004341	-0.000215	-4.362145	0.000215	1.004341	1.174529	
364	1.003424	0.001061	-2.713625	-0.001061	1.003424	-0.855902	
365	0.997030	-0.000456	-1.444423	0.000456	0.997030	-1.670564	
366	0.999628	-0.000707	-2.338108	0.000707	0.999628	1.940189	
367	1.001448	-0.002507	-4.128608	0.002507	1.001448	0.937700	
368	1.004134	0.002539	-2.430341	-0.002539	1.004134	0.228544	
369	1.005781	0.011219	-1.242800	-0.011219	1.005781	2.121700	
370	1.003584	0.001347	-2.050588	-0.001347	1.003584	-0.395576	
371	1.007264	-0.004983	-4.409194	0.004983	1.007264	-5.326103	
372	1.005742	-0.003104	-2.483675	0.003104	1.005742	-2.757788	
373	1.008559	0.002236	-1.554382	-0.002236	1.008559	-2.002140	
374	1.004991	0.003505	-0.852276	-0.003505	1.004991	-1.534714	
375	1.007646	-0.001527	-5.323718	0.001527	1.007646	-0.567173	
376	1.007552	-0.002870	-5.174254	0.002870	1.007552	-3.340572	
377	1.006991	-0.000586	-3.835910	0.000586	1.006991	-2.155550	
378	1.004229	0.002159	-1.738488	-0.002159	1.004229	0.707366	
379	1.006175	0.004391	-2.722521	-0.004391	1.006175	2.911866	
380	1.007018	-0.000308	-3.628574	0.000308	1.007018	-2.751150	
381	1.003514	-0.000611	-3.142230	0.000611	1.003514	-0.007898	
382	1.006036	0.002255	-2.636703	-0.002255	1.006036	-0.572170	
383	1.004306	0.002514	-0.613595	-0.002514	1.004306	-2.237927	
384	1.006928	-0.001275	-3.174634	0.001275	1.006928	-2.676045	
385	1.006632	-0.006488	-3.993420	0.006488	1.006632	-1.799836	
386	1.006940	-0.005355	-2.450051	0.005355	1.006940	-3.249248	
387	1.006415	-0.000252	-1.425536	0.000252	1.006415	-1.285379	
388	1.004633	0.003758	-0.882349	-0.003758	1.004633	1.381039	
389	1.008526	0.002191	-4.473967	-0.002191	1.008526	-0.472511	
390	1.005940	-0.000704	-2.935971	0.000704	1.005940	-2.415962	
391	1.009946	-0.000760	-4.668165	0.000760	1.009946	-2.574911	
392	1.007085	0.000192	-3.064668	-0.000192	1.007085	-2.397421	
393	1.006421	-0.002296	-2.276859	0.002296	1.006421	-3.771134	
394	1.004642	-0.003799	-1.943300	0.003799	1.004642	-1.290239	
395	1.005794	-0.004660	-1.390103	0.004660	1.005794	-1.289601	
396	1.006611	-0.000657	-0.867359	0.000657	1.006611	-0.841252	
397	1.006842	0.002882	2.613044	-0.002882	1.006842	0.633370	
398	1.007352	0.003707	3.836774	-0.003707	1.007352	2.525573	
399	1.007107	0.000289	3.510405	-0.000289	1.007107	-1.159671	
400	1.006046	-0.001060	5.573040	0.001060	1.006046	-3.322211	
401	1.008333	-0.002746	2.138176	0.002746	1.008333	-2.212690	
402	1.009397	0.000771	5.383771	-0.000771	1.009397	-1.067057	
403	1.011098	0.000453	3.630359	-0.000453	1.011098	-2.393592	
404	1.008631	-0.002307	1.678651	0.002307	1.008631	-0.439668	
405	1.008474	0.002308	7.844212	-0.002308	1.008474	1.281570	
406	1.007419	0.003093	3.864849	-0.003093	1.007419	-0.567556	
407	1.009789	0.006898	7.574954	-0.006898	1.009789	1.452057	
408	1.010017	-0.001954	3.352973	0.001954	1.010017	-1.732885	
409	1.012179	0.002190	5.625522	-0.002190	1.012179	-2.990329	
410	1.009823	-0.000435	1.546169	0.000435	1.009823	-3.323167	
411	1.013619	0.002169	0.061416	-0.002169	1.013619	-4.178088	
412	1.012052	-0.003514	-5.084069	0.003514	1.012052	-5.841361	
413	1.010955	-0.004104	-7.874107	0.004104	1.010955	-4.199065	
414	1.017821	-0.007063	-18.689347	0.007063	1.017821	-5.435573	
415	1.008648	-0.000740	-9.771453	0.000740	1.008648	-1.993503	
416	1.012412	-0.000677	-16.984362	0.000677	1.012412	-1.515400	
417	1.005827	0.002732	-18.056920	-0.002732	1.005827	-0.813668	
418	1.002621	-0.000573	-13.186530	0.000573	1.002621	2.438251	
419	1.003658	-0.001909	-20.123148	0.001909	1.003658	-0.602439	
420	1.005284	-0.002431	-11.059613	0.002431	1.005284	-1.947560	
421	1.006996	-0.000061	-15.107112	0.000061	1.006996	-2.209685	
422	1.004301	-0.000371	-13.973240	0.000371	1.004301	-2.168424	
423	1.007415	-0.004037	-16.468028	0.004037	1.007415	-5.528614	
424	1.004187	-0.003375	-11.776060	0.003375	1.004187	0.058330	
425	1.006381	0.010518	-7.947160	-0.010518	1.006381	2.439462	
426	1.006922	0.004413	-1.037107	-0.004413	1.006922	-0.101451	
427	1.007103	0.006051	3.981968	-0.006051	1.007103	2.343221	
428	1.007508	0.000894	7.466226	-0.000894	1.007508	-2.319159	
429	0.994534	0.009541	27.316333	-0.009541	0.994534	9.677444	
430	1.000330	0.004599	16.160883	-0.004599	1.000330	1.013018	
431	0.998118	0.007525	29.823570	-0.007525	0.998118	-1.684281	
432	1.005347	0.002273	18.070666	-0.002273	1.005347	-0.042928	
433	1.014318	0.004856	30.760247	-0.004856	1.014318	-3.132270	
434	1.006736	0.002087	14.167079	-0.002087	1.006736	-1.477219	
435	1.013890	0.001348	23.301547	-0.001348	1.013890	-1.641878	
436	1.016555	-0.000839	13.010827	0.000839	1.016555	-3.534432	
437	1.016778	-0.002238	21.110758	0.002238	1.016778	-3.513644	
438	1.008649	0.001000	8.485524	-0.001000	1.008649	-2.730731	
439	1.013965	0.001590	7.359134	-0.001590	1.013965	-0.893594	
440	1.008628	-0.000305	1.455120	0.000305	1.008628	-1.245294	
441	1.004825	-0.000906	-1.142070	0.000906	1.004825	-2.696318	
442	1.004791	0.002083	-6.018401	-0.002083	1.004791	0.605328	
443	1.006105	0.002849	-7.116372	-0.002849	1.006105	-3.026716	
444	0.995471	0.001336	-5.800499	-0.001336	0.995471	1.394320	
445	0.992405	-0.001349	-5.449562	0.001349	0.992405	3.751413	
446	0.997179	-0.003374	-15.525265	0.003374	0.997179	0.005653	
447	0.992391	0.001519	-6.000354	-0.001519	0.992391	1.861381	
448	0.994255	0.003404	-13.013394	-0.003404	0.994255	4.040642	
449	0.996469	-0.000120	-15.233878	0.000120	0.996469	1.603875	
450	0.997457	-0.004614	-11.712213	0.004614	0.997457	-2.185051	
451	0.995486	-0.002356	-20.070886	0.002356	0.995486	0.172210	
452	1.000755	-0.001064	-9.277670	0.001064	1.000755	-1.744921	
453	1.000851	-0.003176	-20.511153	0.003176	1.000851	-1.352203	
454	1.001442	-0.003743	-21.381829	0.003743	1.001442	-0.929825	
455	1.002501	0.001550	-8.754958	-0.001550	1.002501	-0.268830	
456	1.007235	-0.000482	-16.266473	0.000482	1.007235	-1.626277	
457	1.006528	-0.003277	-14.231782	0.003277	1.006528	-0.664369	
458	1.005168	-0.003921	-10.427017	0.003921	1.005168	-3.367168	
459	1.008397	-0.003114	-14.793915	0.003114	1.008397	-5.485799	
460	1.008627	0.001427	-12.017620	-0.001427	1.008627	-2.733830	
461	1.006972	0.001709	-11.323895	-0.001709	1.006972	-1.242085	
462	1.011743	-0.007792	-14.287070	0.007792	1.011743	-6.287932	
463	1.008222	-0.009193	-13.629288	0.009193	1.008222	-3.295552	
464	1.008654	-0.003814	-10.248678	0.003814	1.008654	-3.857704	
465	1.005859	0.001382	-6.626879	-0.001382	1.005859	-1.042035	
466	1.009702	0.006543	-12.108186	-0.006543	1.009702	3.664900	
467	1.003289	0.001459	-4.539936	-0.001459	1.003289	-1.495327	
468	1.007850	0.000412	-11.235210	-0.000412	1.007850	-4.113877	
469	1.006423	-0.001222	-7.298300	0.001222	1.006423	-1.338993	
470	1.008117	-0.000269	-9.011315	0.000269	1.008117	-3.337784	
471	1.004910	-0.001124	-3.945488	0.001124	1.004910	-2.421221	
472	1.006818	-0.005294	-6.436907	0.005294	1.006818	-3.080275	
473	1.004228	-0.003356	-2.718564	0.003356	1.004228	-0.558557	
474	1.004328	-0.001204	-1.828756	0.001204	1.004328	2.736282	
475	1.002442	0.005594	0.027406	-0.005594	1.002442	2.447042	
476	1.005173	0.008044	-1.414616	-0.008044	1.005173	1.542413	
477	1.006762	-0.000355	-5.367873	0.000355	1.006762	-1.239262	
478	1.005594	-0.002882	-3.860090	0.002882	1.005594	-0.897562	
479	1.009245	-0.006237	-5.585238	0.006237	1.009245	-5.651754	
480	1.004216	-0.002890	-2.621368	0.002890	1.004216	-2.620443	
481	1.010145	-0.004611	-4.688132	0.004611	1.010145	-5.356358	
482	1.010121	-0.003416	-6.937813	0.003416	1.010121	-4.704828	
483	1.001820	0.000589	-3.871130	-0.000589	1.001820	-1.648071	
484	1.006051	0.009198	-5.493759	-0.009198	1.006051	3.120816	
485	1.004762	0.001265	-3.854349	-0.001265	1.004762	-1.596541	
486	1.010241	-0.004202	-9.732588	0.004202	1.010241	-5.223670	
487	1.003832	-0.006512	-6.899644	0.006512	1.003832	3.644164	
488	1.003109	-0.001969	-2.288876	0.001969	1.003109	-3.321991	
489	1.008133	-0.003838	-7.147006	0.003838	1.008133	-6.114102	
490	1.005020	-0.005080	-3.581261	0.005080	1.005020	-0.777771	
491	1.006779	-0.003434	-3.654376	0.003434	1.006779	-1.685646	
492	1.000960	0.007651	2.376455	-0.007651	1.000960	0.966137	
493	1.003808	0.007733	1.344937	-0.007733	1.003808	2.916690	
494	1.005376	-0.001205	-1.610322	0.001205	1.005376	-3.584148	
495	1.006063	-0.009022	-2.861751	0.009022	1.006063	-3.800909	
496	1.003527	-0.003461	-1.794639	0.003461	1.003527	0.622544	
497	1.009532	-0.003707	-1.150241	0.003707	1.009532	-4.086156	
498	1.008226	-0.000587	-3.589678	0.000587	1.008226	-2.790942	
499	1.008644	-0.003882	-3.684930	0.003882	1.008644	-4.445848	
500	1.008553	-0.004199	-3.884474	0.004199	1.008553	-0.829513	
501	1.005951	-0.000801	-1.009277	0.000801	1.005951	-1.878553	
502	1.011423	0.005608	-1.990884	-0.005608	1.011423	0.500324	
503	1.004937	0.001246	-0.667808	-0.001246	1.004937	-0.603142	
504	1.010789	0.000142	-3.304953	-0.000142	1.010789	-4.753997	
505	1.009930	-0.002307	-4.672090	0.002307	1.009930	1.007001	
506	1.007984	-0.001475	-5.377082	0.001475	1.007984	-1.147388	
507	1.010721	0.001100	-3.914217	-0.001100	1.010721	-4.348251	
508	1.013434	-0.004123	-7.579669	0.004123	1.013434	-2.489783	
509	1.008416	-0.004010	-3.957162	0.004010	1.008416	-4.223773	
510	1.013519	-0.001635	-5.382079	0.001635	1.013519	1.761425	
511	1.003626	0.002790	-0.129476	-0.002790	1.003626	1.800661	
512	1.011759	0.008122	-1.295546	-0.008122	1.011759	-5.838876	
513	1.011577	-0.000532	-3.668428	0.000532	1.011577	-2.791015	
514	1.009428	-0.006406	-2.467672	0.006406	1.009428	-1.110738	
515	1.020503	0.003818	1.123806	-0.003818	1.020503	-2.643691	
516	1.006777	0.005461	5.077398	-0.005461	1.006777	-1.110683	
517	1.018755	-0.002788	0.182070	0.002788	1.018755	-10.538805	
518	1.008778	-0.004083	-0.820921	0.004083	1.008778	-0.160949	
519	1.013616	-0.003095	2.366636	0.003095	1.013616	-0.880513	
520	1.017189	0.010137	4.482424	-0.010137	1.017189	-2.009270	
521	1.011216	0.004660	0.408016	-0.004660	1.011216	0.442073	
522	1.017606	-0.000029	-1.915988	0.000029	1.017606	-6.305273	
523	1.015326	-0.003485	-1.888422	0.003485	1.015326	-2.746528	
524	1.015080	-0.000503	-2.209537	0.000503	1.015080	0.276292	
525	1.015510	0.002583	-0.693198	-0.002583	1.015510	-5.520773	
526	1.010791	-0.001556	-1.234570	0.001556	1.010791	-2.137572	
527	1.015913	-0.004362	-2.386395	0.004362	1.015913	-4.747091	
528	1.008823	-0.003454	0.588686	0.003454	1.008823	-3.574596	
529	1.012217	0.001593	-0.904245	-0.001593	1.012217	-0.482450	
530	1.021422	0.005209	-2.063433	-0.005209	1.021422	-3.510148	
531	1.009809	0.000276	-3.196203	-0.000276	1.009809	-3.220066	
532	1.012321	-0.003086	-5.084825	0.003086	1.012321	-2.367236	
533	1.016690	-0.004450	-6.355194	0.004450	1.016690	-0.164471	
534	1.008643	0.000691	-0.717542	-0.000691	1.008643	-3.573174	
535	1.009791	-0.000306	-2.794191	0.000306	1.009791	-2.606389	
536	1.008601	-0.003281	-1.647529	0.003281	1.008601	-2.878570	
537	1.006601	-0.004301	-0.844728	0.004301	1.006601	-2.372089	
538	1.004979	0.000514	-0.304607	-0.000514	1.004979	1.875396	
539	1.004704	0.005466	0.647521	-0.005466	1.004704	0.940622	
540	1.006010	0.002150	-0.843145	-0.002150	1.006010	-1.425371	
541	1.009639	-0.003061	-3.671114	0.003061	1.009639	-3.088132	
542	1.004660	-0.002738	-2.011450	0.002738	1.004660	0.181038	
543	1.007168	-0.001632	-0.206312	0.001632	1.007168	-4.537012	
544	1.006929	-0.004936	-2.170668	0.004936	1.006929	-3.096916	
545	1.008905	-0.004329	-3.297728	0.004329	1.008905	-1.998088	
546	1.013622	-0.004487	-5.126198	0.004487	1.013622	-3.338165	
547	1.008615	0.003693	-1.646620	-0.003693	1.008615	-0.213303	
548	1.006066	0.006207	0.196083	-0.006207	1.006066	1.398084	
549	1.008576	-0.001412	-3.540439	0.001412	1.008576	-3.603295	
550	1.022371	-0.009022	-6.899153	0.009022	1.022371	-6.213756	
551	1.019232	-0.008761	-6.247122	0.008761	1.019232	-4.102279	
552	1.012937	0.000264	-1.197550	-0.000264	1.012937	-4.096387	
553	1.007361	-0.001239	-1.075325	0.001239	1.007361	-1.418358	
554	1.012607	-0.002553	-3.418150	0.002553	1.012607	-1.525876	
555	1.008041	-0.002675	0.018820	0.002675	1.008041	-0.424274	
556	1.003323	0.000638	0.113793	-0.000638	1.003323	-0.275336	
557	1.005288	0.003015	1.476367	-0.003015	1.005288	0.230451	
558	0.999870	-0.001121	1.046437	0.001121	0.999870	-2.993938	
559	1.004983	-0.001745	-1.171921	0.001745	1.004983	-0.932358	
560	1.010784	-0.000951	-3.107904	0.000951	1.010784	1.172123	
561	1.009649	0.000990	-0.591310	-0.000990	1.009649	-4.450806	
562	1.016338	-0.003547	-5.003555	0.003547	1.016338	-3.279870	
563	1.007349	-0.002344	-0.741661	0.002344	1.007349	-3.334014	
564	1.011909	-0.004423	-0.761690	0.004423	1.011909	-2.805174	
565	1.010949	-0.000912	-0.103283	0.000912	1.010949	-1.893524	
566	1.009763	0.004495	0.909015	-0.004495	1.009763	-0.232545	
567	1.009459	0.005277	0.856655	-0.005277	1.009459	-1.326386	
568	1.007811	-0.000400	-1.444001	0.000400	1.007811	-1.822062	
569	1.012830	-0.001107	-3.040938	0.001107	1.012830	-1.844291	
570	1.010415	-0.000725	-2.837588	0.000725	1.010415	-3.899680	
571	1.010856	-0.000830	-4.164222	0.000830	1.010856	-2.746189	
572	1.011074	-0.002472	-3.416060	0.002472	1.011074	-3.237582	
573	1.016862	-0.002078	-5.309787	0.002078	1.016862	-4.955645	
574	1.018461	0.002751	-8.003655	-0.002751	1.018461	-2.058536	
575	1.048015	0.001570	-19.871814	-0.001570	1.048015	-6.593090	
576	1.037771	0.013853	-15.985127	-0.013853	1.037771	-1.242535	
577	1.018378	0.006324	-6.454665	-0.006324	1.018378	-4.445405	
578	1.025312	-0.001135	-9.755022	0.001135	1.025312	-2.403345	
579	1.011370	-0.001584	-6.319257	0.001584	1.011370	0.165184	
580	1.017291	-0.000936	-2.997356	0.000936	1.017291	-5.676823	
581	1.013209	0.002487	-0.874460	-0.002487	1.013209	-2.509986	
582	1.007621	0.001442	1.170636	-0.001442	1.007621	-1.789951	
583	1.008347	-0.000754	0.508452	0.000754	1.008347	-2.697411	
584	1.011502	0.003365	4.987523	-0.003365	1.011502	0.530442	
585	1.005262	0.004548	4.413136	-0.004548	1.005262	0.162463	
586	1.009746	0.004605	7.675057	-0.004605	1.009746	-2.055209	
587	1.007109	-0.000380	6.859469	0.000380	1.007109	-2.768144	
588	1.007053	-0.001206	6.868735	0.001206	1.007053	-0.375731	
589	1.005128	-0.000550	8.198946	0.000550	1.005128	-2.154337	
590	1.005165	-0.002052	11.584448	0.002052	1.005165	0.980210	
591	1.002398	0.000447	7.158357	-0.000447	1.002398	-0.823900	
592	1.004227	0.001176	11.741837	-0.001176	1.004227	-0.264449	
593	1.005705	0.003032	9.751685	-0.003032	1.005705	4.208505	
594	1.006752	0.003724	7.125272	-0.003724	1.006752	-0.041040	
595	1.010963	0.005889	8.612440	-0.005889	1.010963	-3.869710	
596	1.005219	0.003355	2.545754	-0.003355	1.005219	0.338587	
597	1.010166	0.000967	2.043929	-0.000967	1.010166	0.568122	
598	1.007875	-0.003105	0.889961	0.003105	1.007875	-3.333390	
599	1.010611	-0.006365	0.519121	0.006365	1.010611	-5.346970	
600	1.006336	-0.000949	1.091318	0.000949	1.006336	-2.949030	
601	1.012778	0.000835	0.352412	-0.000835	1.012778	-2.377145	
602	1.008742	0.000277	-0.870019	-0.000277	1.008742	0.292665	
603	1.013160	0.003403	-2.242855	-0.003403	1.013160	-0.774304	
604	1.007500	0.001054	-1.603346	-0.001054	1.007500	-2.183128	
605	1.013556	0.002985	-3.534991	-0.002985	1.013556	0.288550	
606	1.009177	0.002109	-2.180482	-0.002109	1.009177	2.398365	
607	1.010292	-0.001869	-3.683954	0.001869	1.010292	-2.109170	
608	1.013240	-0.004744	-4.968297	0.004744	1.013240	-4.347736	
609	1.013938	-0.002325	-4.307394	0.002325	1.013938	-1.204701	
610	1.012562	0.001440	-2.423734	-0.001440	1.012562	-2.466320	
611	1.009685	0.001246	-2.688852	-0.001246	1.009685	-1.665915	
612	1.011501	-0.000519	-4.479557	0.000519	1.011501	-1.148179	
613	1.009048	0.001181	-3.266770	-0.001181	1.009048	-1.476959	
614	1.016963	0.001091	-6.778134	-0.001091	1.016963	-5.482847	
615	1.012393	-0.001957	-7.450559	0.001957	1.012393	-3.411955	
616	1.012105	-0.001281	-5.821790	0.001281	1.012105	-2.445087	
617	1.013070	-0.003744	-8.695782	0.003744	1.013070	-3.016306	
618	1.013523	-0.003654	-7.171024	0.003654	1.013523	-4.867755	
619	1.011041	-0.001460	-9.440565	0.001460	1.011041	0.567243	
620	1.011219	-0.000078	-5.401671	0.000078	1.011219	-2.160191	
621	1.023359	-0.003559	-11.716990	0.003559	1.023359	-3.933493	
622	1.021030	-0.002549	-9.047897	0.002549	1.021030	-1.268388	
623	1.016458	0.001982	-6.104144	-0.001982	1.016458	-4.460519	
624	1.009089	-0.000243	-5.911612	0.000243	1.009089	-2.635280	
625	1.010572	-0.001129	-7.495830	0.001129	1.010572	-2.696579	
626	1.012888	-0.002515	-10.944738	0.002515	1.012888	2.178705	
627	1.008350	-0.000771	-5.598439	0.000771	1.008350	-0.691712	
628	1.008506	-0.004906	-11.648280	0.004906	1.008506	2.044397	
629	1.014466	-0.003942	-10.229677	0.003942	1.014466	-16.527343	
630	1.015337	-0.004087	-16.144659	0.004087	1.015337	-0.827669	
631	1.012045	0.000103	-9.783589	-0.000103	1.012045	-4.635717	
632	1.008650	0.002149	-4.634039	-0.002149	1.008650	-4.396544	
633	1.014535	0.002125	-10.552057	-0.002125	1.014535	-5.932095	
634	1.014019	0.001997	-9.731511	-0.001997	1.014019	-7.655173	
635	1.012029	-0.009155	-11.136966	0.009155	1.012029	-0.731148	
636	1.009345	-0.006455	-6.333956	0.006455	1.009345	-0.519699	
637	1.013328	0.001164	-2.417837	-0.001164	1.013328	-4.546944	
638	1.009708	-0.001435	-4.281933	0.001435	1.009708	-1.128702	
639	1.015621	-0.002276	-3.595971	0.002276	1.015621	-5.982952	
640	1.011690	-0.004036	-4.297932	0.004036	1.011690	-1.585364	
641	1.018879	-0.002778	-6.083312	0.002778	1.018879	-2.808098	
642	1.016068	-0.002735	-4.936744	0.002735	1.016068	-3.683012	
643	1.017997	0.004328	-9.499319	-0.004328	1.017997	-1.612475	
644	1.015021	0.001314	-10.625400	-0.001314	1.015021	-3.795144	
645	1.014710	-0.001347	-10.060007	0.001347	1.014710	-3.861252	
646	1.009718	-0.001792	-7.909170	0.001792	1.009718	1.846655	
647	1.013704	0.002187	-11.810561	-0.002187	1.013704	5.186975	
648	1.021457	0.002629	-7.513067	-0.002629	1.021457	-13.373797	
649	1.031037	0.004858	-16.667341	-0.004858	1.031037	-9.694999	
650	1.011616	-0.001840	-6.690841	0.001840	1.011616	1.512703	
651	1.022123	0.004360	-10.423389	-0.004360	1.022123	-1.868341	
652	1.002537	0.002411	-2.480785	-0.002411	1.002537	1.034881	
653	1.012489	0.005065	-9.877638	-0.005065	1.012489	-1.877598	
654	1.014560	-0.002859	-13.204082	0.002859	1.014560	-0.760855	
655	1.009391	-0.001297	-4.761525	0.001297	1.009391	2.761879	
656	1.022523	0.001361	-6.596438	-0.001361	1.022523	-8.556423	
657	1.010904	-0.002596	-2.861694	0.002596	1.010904	-3.322859	
658	1.013518	-0.005081	-3.336317	0.005081	1.013518	0.477848	
659	1.020099	-0.002894	-1.136130	0.002894	1.020099	-4.518944	
660	1.010127	0.000257	3.265339	-0.000257	1.010127	-1.661643	
661	1.022449	0.000543	4.860122	-0.000543	1.022449	0.818615	
662	1.013651	0.000610	0.812679	-0.000610	1.013651	-3.606347	
663	1.032135	-0.006602	-1.348935	0.006602	1.032135	-8.077755	
664	1.016763	-0.005439	1.423631	0.005439	1.016763	-4.187314	
665	1.030461	-0.007638	1.764008	0.007638	1.030461	-8.953252	
666	1.013526	-0.002570	0.072682	0.002570	1.013526	-2.923994	
667	1.035927	-0.002639	-5.916289	0.002639	1.035927	-8.710770	
668	1.030603	-0.002229	-6.542786	0.002229	1.030603	-6.818800	
669	1.024579	0.002308	-6.746631	-0.002308	1.024579	-3.628820	
670	1.016752	0.006019	-4.588400	-0.006019	1.016752	-2.831820	
671	1.008070	0.000612	-3.775748	-0.000612	1.008070	-1.330653	
672	1.017188	-0.001965	-8.922321	0.001965	1.017188	-2.601097	
673	1.012238	-0.000783	-5.953981	0.000783	1.012238	-2.274685	
674	1.016756	0.002379	-5.377716	-0.002379	1.016756	-2.758998	
675	1.006767	-0.001422	-0.897848	0.001422	1.006767	-1.470106	
676	1.013328	-0.000705	-2.481343	0.000705	1.013328	-3.068131	
677	1.023736	0.000357	-3.124404	-0.000357	1.023736	-3.223573	
678	1.010197	0.001351	0.296020	-0.001351	1.010197	-2.144080	
679	1.016694	0.007279	1.143525	-0.007279	1.016694	2.200857	
680	1.008226	0.002344	0.977246	-0.002344	1.008226	-1.876184	
681	1.008757	-0.001950	-0.552616	0.001950	1.008757	-3.601321	
682	1.007287	-0.002287	1.508411	0.002287	1.007287	1.222138	
683	1.005172	0.001726	1.989597	-0.001726	1.005172	-1.771352	
684	1.005074	0.003731	2.584584	-0.003731	1.005074	0.216159	
685	1.005782	-0.001126	0.701816	0.001126	1.005782	-1.203681	
686	1.007560	-0.001083	3.065844	0.001083	1.007560	-1.402034	
687	1.006001	-0.000728	1.337273	0.000728	1.006001	-0.396958	
688	1.008694	0.001566	2.707755	-0.001566	1.008694	-2.028745	
689	1.006915	0.002680	1.026561	-0.002680	1.006915	0.398712	
690	1.010940	0.001268	-1.193127	-0.001268	1.010940	-4.067053	
691	1.012098	-0.002952	-3.532626	0.002952	1.012098	-1.933373	
692	1.009246	-0.002064	-2.916900	0.002064	1.009246	-0.614235	
693	1.015685	-0.002618	-3.998548	0.002618	1.015685	-5.392928	
694	1.008861	-0.003177	-2.444886	0.003177	1.008861	-2.953443	
695	1.013608	-0.005632	-5.161936	0.005632	1.013608	-3.586657	
696	1.011017	-0.000625	-2.220924	0.000625	1.011017	-4.135028	
697	1.008539	0.004324	-2.129404	-0.004324	1.008539	-0.061299	
698	1.007872	0.001690	-2.571018	-0.001690	1.007872	-1.816766	
699	1.010312	-0.002391	-5.693070	0.002391	1.010312	-4.131521	
700	1.007225	-0.002765	-3.993831	0.002765	1.007225	1.432466	
701	1.011862	-0.002391	-3.833426	0.002391	1.011862	-2.974569	
702	1.017050	-0.006282	-5.335777	0.006282	1.017050	-6.841450	
703	1.008466	-0.006422	-4.194509	0.006422	1.008466	0.075597	
704	1.007913	-0.001131	-1.623171	0.001131	1.007913	-1.790294	
705	1.009532	0.008015	-0.504921	-0.008015	1.009532	0.997590	
706	1.008388	0.000712	-3.421276	-0.000712	1.008388	-2.551233	
707	1.011673	-0.005011	-5.731809	0.005011	1.011673	-2.889047	
708	1.012109	-0.005778	-4.614263	0.005778	1.012109	-2.050723	
709	1.010322	-0.000132	-0.525636	0.000132	1.010322	-4.541350	
710	1.008463	-0.003081	-0.704621	0.003081	1.008463	-3.064871	
711	1.015442	-0.003116	-2.884208	0.003116	1.015442	-1.078934	
712	1.007530	0.002912	2.052470	-0.002912	1.007530	-0.069350	
713	1.007928	0.003514	0.031493	-0.003514	1.007928	0.598674	
714	1.019191	0.004048	-3.366954	-0.004048	1.019191	-3.786379	
715	1.013914	-0.001479	-4.953069	0.001479	1.013914	-2.970225	
716	1.015155	-0.003172	-4.705540	0.003172	1.015155	-1.712728	
717	1.010362	-0.001777	-2.864886	0.001777	1.010362	-2.946548	
718	1.008563	-0.001607	-0.976907	0.001607	1.008563	-3.774917	
719	1.009971	-0.000624	-2.123565	0.000624	1.009971	0.681067	
720	1.010446	0.002491	-2.515101	-0.002491	1.010446	-1.364217	
721	1.009529	0.006443	0.680837	-0.006443	1.009529	0.091858	
722	1.011979	0.003997	-1.220205	-0.003997	1.011979	-1.792103	
723	1.013805	0.000211	-2.758174	-0.000211	1.013805	-3.672409	
724	1.009642	-0.006353	-3.662643	0.006353	1.009642	-0.419584	
725	1.007183	-0.002298	-0.776322	0.002298	1.007183	-3.018352	
726	1.010748	-0.002309	-2.875184	0.002309	1.010748	-2.737049	
727	1.008156	-0.001683	-2.633597	0.001683	1.008156	-1.729673	
728	1.017793	-0.002446	-7.364820	0.002446	1.017793	-3.111639	
729	1.007255	0.001170	-2.708268	-0.001170	1.007255	-1.491119	
730	1.007806	0.005857	-2.719105	-0.005857	1.007806	1.041097	
731	1.010378	0.000543	-5.455098	-0.000543	1.010378	-2.785316	
732	1.016227	-0.005659	-8.446281	0.005659	1.016227	-4.210059	
733	1.008460	-0.004093	-5.397638	0.004093	1.008460	0.588264	
734	1.014306	0.000563	-2.902258	-0.000563	1.014306	-5.297175	
735	1.008884	-0.000156	-2.747275	0.000156	1.008884	-1.654517	
736	1.014381	-0.004150	-3.595781	0.004150	1.014381	-5.160316	
737	1.012770	-0.003969	-3.539612	0.003969	1.012770	-3.004174	
738	1.009825	0.001186	-0.606956	-0.001186	1.009825	-2.277992	
739	1.024039	0.006057	-3.407196	-0.006057	1.024039	0.145461	
740	1.010435	0.000965	-2.505285	-0.000965	1.010435	-2.212229	
741	1.011109	-0.004138	-3.370181	0.004138	1.011109	-2.158838	
742	1.010168	-0.002308	-3.872587	0.002308	1.010168	1.595543	
743	1.017035	-0.000306	-2.860983	0.000306	1.017035	-5.791426	
744	1.011866	-0.003440	-3.948167	0.003440	1.011866	-3.311816	
745	1.016705	-0.006618	-5.901555	0.006618	1.016705	-3.321744	
746	1.017434	-0.003153	-3.066741	0.003153	1.017434	-4.126714	
747	1.015009	0.002283	-1.478791	-0.002283	1.015009	-2.701451	
748	1.020193	0.005603	-3.490867	-0.005603	1.020193	-2.273687	
749	1.012498	-0.001401	-4.226641	0.001401	1.012498	-3.985624	
750	1.023388	-0.003916	-10.482143	0.003916	1.023388	-3.097656	
751	1.015128	-0.001969	-4.979572	0.001969	1.015128	-2.698461	
752	1.028806	0.001447	-9.801513	-0.001447	1.028806	-8.486749	
753	1.018452	0.000174	-7.604036	-0.000174	1.018452	-1.973985	
754	1.017752	-0.000550	-8.325135	0.000550	1.017752	0.608634	
755	1.010919	0.002576	-4.504153	-0.002576	1.010919	-3.261620	
756	1.017988	0.005298	-8.464064	-0.005298	1.017988	1.098647	
757	1.019955	0.006584	-11.688669	-0.006584	1.019955	-1.542730	
758	1.015048	0.000841	-10.026943	-0.000841	1.015048	-2.037617	
759	1.016119	0.001391	-9.469461	-0.001391	1.016119	-1.194295	
760	1.013982	0.001616	-7.678414	-0.001616	1.013982	-2.762783	
761	1.024659	-0.000376	-9.554112	0.000376	1.024659	-5.462226	
762	1.018325	0.000354	-7.935172	-0.000354	1.018325	-0.594194	
763	1.022268	0.003618	-3.794368	-0.003618	1.022268	-3.935627	
764	1.012668	0.002969	-0.980826	-0.002969	1.012668	-0.209288	
765	1.021604	0.006284	-2.822531	-0.006284	1.021604	0.565006	
766	1.019930	-0.002508	-2.240675	0.002508	1.019930	-5.598468	
767	1.010329	-0.003869	-2.293591	0.003869	1.010329	-0.177439	
768	1.009775	-0.002310	0.893930	0.002310	1.009775	-2.626459	
769	1.009536	-0.000823	-1.415562	0.000823	1.009536	-2.906525	
770	1.008263	-0.000415	-1.710189	0.000415	1.008263	-0.522847	
771	1.006983	0.000244	-2.225090	-0.000244	1.006983	-1.060221	
772	1.008475	0.002221	-3.813546	-0.002221	1.008475	0.562000	
773	1.008787	0.001304	-3.488407	-0.001304	1.008787	-1.584991	
774	1.008160	0.002211	-3.654560	-0.002211	1.008160	-1.974182	
775	1.006209	-0.002656	-6.120332	0.002656	1.006209	1.284376	
776	1.014912	-0.008703	-9.147641	0.008703	1.014912	-5.831224	
777	1.007428	-0.000864	-4.153797	0.000864	1.007428	-1.612215	
778	1.007551	-0.000545	-3.726124	0.000545	1.007551	-2.943563	
779	1.008839	0.001628	-4.760038	-0.001628	1.008839	-0.836071	
780	1.005740	0.002444	-3.577842	-0.002444	1.005740	-2.197958	
781	1.006334	0.003512	-4.463603	-0.003512	1.006334	-0.026760	
782	1.005871	-0.000206	-4.757652	0.000206	1.005871	-0.793273	
783	1.010894	-0.002331	-4.910681	0.002331	1.010894	-1.501744	
784	1.010238	-0.003196	-7.878382	0.003196	1.010238	-0.697523	
785	1.007907	-0.001855	-4.524220	0.001855	1.007907	-1.806621	
786	1.010418	-0.003637	-7.882189	0.003637	1.010418	-2.147783	
787	1.013323	-0.002465	-7.368100	0.002465	1.013323	-3.644994	
788	1.006237	0.004743	-2.213631	-0.004743	1.006237	-0.429645	
789	1.006990	0.001924	-0.929696	-0.001924	1.006990	0.306823	
790	1.006104	0.000389	-2.050795	-0.000389	1.006104	-2.471923	
791	1.007794	-0.003872	-3.092873	0.003872	1.007794	-3.466833	
792	1.004399	-0.006578	-1.978858	0.006578	1.004399	1.890948	
793	1.006577	-0.000968	-1.775669	0.000968	1.006577	-2.428890	
794	1.010922	0.000074	-0.642725	-0.000074	1.010922	-4.816988	
795	1.004124	-0.001793	-1.091619	0.001793	1.004124	0.632367	
796	1.006272	-0.002308	-0.424661	0.002308	1.006272	-3.050575	
797	1.008127	-0.000531	-0.198513	0.000531	1.008127	-1.749969	
798	0.999421	0.004039	2.142221	-0.004039	0.999421	5.130153	
799	1.005010	-0.000565	-0.441876	0.000565	1.005010	-1.619311	
800	1.005339	-0.002131	-3.978310	0.002131	1.005339	-0.653942	
801	1.009710	-0.003596	-6.181967	0.003596	1.009710	-3.411651	
802	1.008479	-0.002043	-2.778626	0.002043	1.008479	-5.003293	
803	1.008033	-0.002962	-5.302434	0.002962	1.008033	-0.798259	
804	1.011224	-0.002085	-2.911190	0.002085	1.011224	-3.295544	
805	1.007528	0.000217	-2.813433	-0.000217	1.007528	-2.370542	
806	1.007200	0.000142	-4.567317	-0.000142	1.007200	2.561138	
807	1.006814	-0.000075	-2.226840	0.000075	1.006814	-2.044656	
808	1.009206	-0.000314	-3.209298	0.000314	1.009206	-2.284651	
809	1.005949	-0.001797	-3.624118	0.001797	1.005949	0.541624	
810	1.005859	-0.004149	-1.827273	0.004149	1.005859	-5.086072	
811	1.010578	-0.005245	-2.791583	0.005245	1.010578	-1.266224	
812	1.005912	0.000450	-0.352389	-0.000450	1.005912	0.011988	
813	1.005731	0.003247	-0.417923	-0.003247	1.005731	0.198653	
814	1.008089	0.000486	-4.274652	-0.000486	1.008089	-2.077816	
815	1.009841	-0.003380	-5.595097	0.003380	1.009841	-4.396559	
816	1.009866	-0.003094	-5.479081	0.003094	1.009866	-0.459794	
817	1.010787	-0.001240	-3.443239	0.001240	1.010787	-0.297379	
818	1.011330	-0.004404	-3.625948	0.004404	1.011330	-4.306797	
819	1.007938	-0.007224	-4.849657	0.007224	1.007938	-2.752544	
820	1.010906	-0.002372	-3.356170	0.002372	1.010906	-0.565050	
821	1.009079	0.002704	-2.846197	-0.002704	1.009079	-1.831067	
822	1.004018	0.005005	-1.927956	-0.005005	1.004018	0.146115	
823	1.006278	0.003978	-5.087653	-0.003978	1.006278	0.877545	
824	1.011802	-0.002318	-4.319572	0.002318	1.011802	-2.046748	
825	1.008082	-0.000734	-1.422170	0.000734	1.008082	1.123041	
826	1.011126	0.000495	-0.061957	-0.000495	1.011126	-0.765120	
827	1.009169	0.001944	2.295061	-0.001944	1.009169	-2.326419	
828	1.010271	0.002078	0.602515	-0.002078	1.010271	-0.490194	
829	1.015005	0.004292	3.407259	-0.004292	1.015005	-2.896353	
830	1.011968	0.005932	5.248427	-0.005932	1.011968	-0.770140	
831	1.014025	0.001391	2.358384	-0.001391	1.014025	-0.636224	
832	1.010285	-0.002798	1.802257	0.002798	1.010285	-1.223085	
833	1.011803	0.000535	3.855379	-0.000535	1.011803	1.270445	
834	1.013713	0.000081	-0.428262	-0.000081	1.013713	-1.876815	
835	1.019373	0.000945	-1.806736	-0.000945	1.019373	-3.935426	
836	1.019767	0.004780	-1.268262	-0.004780	1.019767	-0.574374	
837	1.017218	0.004760	-0.243767	-0.004760	1.017218	-2.724576	
838	1.019655	0.008062	-1.143226	-0.008062	1.019655	-0.669186	
839	1.019256	0.000826	-1.928393	-0.000826	1.019256	-2.989063	
840	1.014777	0.001171	-3.495187	-0.001171	1.014777	1.746840	
841	1.011291	0.001767	-0.347965	-0.001767	1.011291	0.635419	
842	1.008225	0.000463	-1.168253	-0.000463	1.008225	-1.865553	
843	1.010003	-0.003442	-3.966199	0.003442	1.010003	-2.617415	
844	1.011837	0.001958	-2.390026	-0.001958	1.011837	-1.652253	
845	1.008193	0.004136	0.064493	-0.004136	1.008193	-3.092020	
846	1.007101	0.004321	-1.551430	-0.004321	1.007101	1.257998	
847	1.007784	-0.001188	-1.604542	0.001188	1.007784	-1.619861	
848	1.012232	-0.002746	-4.764144	0.002746	1.012232	-2.127761	
849	1.008088	-0.000584	-3.622234	0.000584	1.008088	2.002873	
850	1.007037	0.000602	-1.832664	-0.000602	1.007037	-2.784761	
851	1.008491	0.000130	-2.560480	-0.000130	1.008491	-5.032802	
852	1.009843	-0.003866	-4.814708	0.003866	1.009843	-0.305382	
853	1.005747	-0.000134	-1.641160	0.000134	1.005747	0.302889	
854	1.009179	0.004181	-1.777480	-0.004181	1.009179	-1.863847	
855	1.006941	0.001074	-3.164649	-0.001074	1.006941	1.356796	
856	1.009651	-0.001420	-8.378183	0.001420	1.009651	0.020877	
857	1.009267	-0.002547	-8.121585	0.002547	1.009267	-3.494874	
858	1.011621	-0.002054	-11.213257	0.002054	1.011621	-1.344119	
859	1.009303	-0.000444	-4.129671	0.000444	1.009303	-4.515154	
860	1.012110	-0.002884	-7.590787	0.002884	1.012110	-3.632870	
861	1.010464	-0.005515	-5.676518	0.005515	1.010464	-2.600326	
862	1.013799	-0.000420	-3.662567	0.000420	1.013799	-4.180835	
863	1.010274	0.005066	-2.689874	-0.005066	1.010274	1.740692	
864	1.007170	0.002098	-2.242221	-0.002098	1.007170	-0.627169	
865	1.012127	-0.000651	-6.805719	0.000651	1.012127	-1.477691	
866	1.006931	-0.000887	-4.459381	0.000887	1.006931	0.305576	
867	1.011882	-0.003051	-5.405516	0.003051	1.011882	-4.117839	
868	1.006711	-0.000277	-4.053537	0.000277	1.006711	-0.341945	
869	1.009069	-0.001713	-4.595879	0.001713	1.009069	-0.744325	
870	1.010907	0.000070	-4.765874	-0.000070	1.010907	-0.457360	
871	1.007748	0.004163	-4.329670	-0.004163	1.007748	-0.823366	
872	1.016064	0.000405	-7.416084	-0.000405	1.016064	-3.341360	
873	1.007282	-0.000800	-6.456191	0.000800	1.007282	-0.870666	
874	1.007858	-0.003651	-7.276337	0.003651	1.007858	-1.349583	
875	1.011287	-0.002858	-5.042552	0.002858	1.011287	-4.797185	
876	1.012325	-0.004731	-8.244898	0.004731	1.012325	-2.342054	
877	1.008995	-0.001015	-4.150315	0.001015	1.008995	-1.743385	
878	1.010453	0.002308	-5.902848	-0.002308	1.010453	-2.142598	
879	1.013796	0.001108	-7.235178	-0.001108	1.013796	-1.334174	
880	1.010301	-0.000245	-5.885527	0.000245	1.010301	-3.125902	
881	1.018034	-0.002957	-10.070121	0.002957	1.018034	-3.942338	
882	1.005021	-0.002020	-5.214775	0.002020	1.005021	3.132222	
883	1.013539	-0.001319	-5.610638	0.001319	1.013539	-4.263608	
884	1.008352	-0.000330	-5.960732	0.000330	1.008352	-3.050733	
885	1.014485	-0.001865	-6.220281	0.001865	1.014485	-0.265943	
886	1.010508	-0.001719	-5.222231	0.001719	1.010508	-5.228474	
887	1.007193	-0.000811	-3.422014	0.000811	1.007193	-1.786532	
888	1.024257	0.002433	-9.183217	-0.002433	1.024257	-1.220605	
889	1.012005	0.000027	-5.639700	-0.000027	1.012005	-2.424415	
890	1.014760	-0.001272	-5.275550	0.001272	1.014760	-2.682677	
891	1.008964	-0.002498	-4.807184	0.002498	1.008964	-0.488494	
892	1.009168	0.000918	-1.477195	-0.000918	1.009168	-2.256540	
893	1.018234	0.001306	-3.581134	-0.001306	1.018234	-3.575969	
894	1.009280	-0.000341	-2.023105	0.000341	1.009280	-0.663047	
895	1.020627	0.000429	-3.909544	-0.000429	1.020627	-4.655449	
896	1.015663	0.003705	-3.166581	-0.003705	1.015663	2.130130	
897	1.014936	0.005750	-1.559138	-0.005750	1.014936	0.371407	
898	1.002787	0.003335	0.930896	-0.003335	1.002787	-0.709099	
899	1.011454	0.000189	-2.798403	-0.000189	1.011454	-0.239317	
900	1.009135	0.000419	1.588309	-0.000419	1.009135	-2.057723	
901	1.008227	0.000982	0.283438	-0.000982	1.008227	-2.204099	
902	1.005817	0.000233	3.816707	-0.000233	1.005817	-2.233480	
903	1.005890	0.000731	2.979218	-0.000731	1.005890	0.315969	
904	1.007093	-0.000650	3.817583	0.000650	1.007093	-1.315571	
905	1.008594	0.002019	2.780737	-0.002019	1.008594	0.954769	
906	1.005119	0.002093	2.255317	-0.002093	1.005119	0.065317	
907	1.008004	0.002786	1.080176	-0.002786	1.008004	-1.170876	
908	1.004056	0.000511	-1.462991	-0.000511	1.004056	1.686788	
909	1.010456	-0.002295	-1.912962	0.002295	1.010456	-4.866566	
910	1.007266	-0.001861	-1.557097	0.001861	1.007266	-2.724316	
911	1.005596	-0.000560	-1.837452	0.000560	1.005596	-0.082775	
912	1.009191	0.001691	-2.858666	-0.001691	1.009191	-2.764776	
913	1.008698	0.000284	-4.207938	-0.000284	1.008698	0.573067	
914	1.009287	0.001425	-5.708295	-0.001425	1.009287	-1.413791	
915	1.007243	0.000135	-5.726055	-0.000135	1.007243	-1.377811	
916	1.006824	-0.003291	-6.667773	0.003291	1.006824	-1.605347	
917	1.011149	-0.002620	-7.724550	0.002620	1.011149	-1.122328	
918	1.009452	-0.009238	-10.017336	0.009238	1.009452	-5.685402	
919	1.005498	-0.000642	-4.689782	0.000642	1.005498	-1.437167	
920	1.008549	-0.000008	-7.552377	0.000008	1.008549	-0.839785	
921	1.010086	-0.002864	-7.948394	0.002864	1.010086	-4.926562	
922	1.006439	-0.001045	-5.435226	0.001045	1.006439	-1.476595	
923	1.008687	-0.001094	-7.488548	0.001094	1.008687	-0.904679	
924	1.006814	0.000304	-2.599410	-0.000304	1.006814	-1.505998	
925	1.007769	-0.005728	-5.907012	0.005728	1.007769	0.031649	
926	1.010777	-0.007504	-6.107294	0.007504	1.010777	-7.262251	
927	1.007834	-0.005043	-4.849123	0.005043	1.007834	-4.727886	
928	1.010119	-0.001589	-3.764212	0.001589	1.010119	-0.915516	
929	1.009505	0.000896	-1.511234	-0.000896	1.009505	-3.825249	
930	1.009903	0.000087	-3.400042	-0.000087	1.009903	-1.804594	
931	1.008511	-0.002080	-2.415219	0.002080	1.008511	0.374333	
932	1.010382	-0.002599	-1.824575	0.002599	1.010382	-2.854214	
933	1.007591	-0.001815	-2.577554	0.001815	1.007591	0.312093	
934	1.010999	-0.002392	-2.623362	0.002392	1.010999	-3.280187	
935	1.012994	-0.001351	-0.398029	0.001351	1.012994	-5.555813	
936	1.008800	-0.000452	-2.375706	0.000452	1.008800	-1.876474	
937	1.007782	-0.000215	0.638023	0.000215	1.007782	-1.886776	
938	1.007765	-0.000022	0.764722	0.000022	1.007765	-0.624760	
939	1.010630	0.003513	-1.071316	-0.003513	1.010630	2.018333	
940	1.003317	0.001851	1.295537	-0.001851	1.003317	0.887684	
941	1.005057	0.000548	-1.794498	-0.000548	1.005057	-0.590748	
942	1.009090	-0.000276	-1.944591	0.000276	1.009090	-2.338499	
943	1.007836	0.003159	-1.338471	-0.003159	1.007836	-2.656863	
944	1.005998	0.002656	-1.077027	-0.002656	1.005998	-0.097931	
945	1.006034	-0.000142	-1.178667	0.000142	1.006034	-1.650506	
946	1.009363	0.000371	-3.456110	-0.000371	1.009363	-0.195593	
947	1.004418	0.000467	-2.267571	-0.000467	1.004418	1.277966	
948	1.008598	0.000059	-3.104478	-0.000059	1.008598	-1.565914	
949	1.003854	0.001786	-2.518141	-0.001786	1.003854	0.885219	
950	1.009337	-0.001644	-4.377248	0.001644	1.009337	-3.477489	
951	1.003456	0.000303	-2.637039	-0.000303	1.003456	-1.785666	
952	1.004256	-0.000629	-2.153008	0.000629	1.004256	0.224590	
953	1.004013	-0.001266	-1.845987	0.001266	1.004013	-1.653846	
954	1.002007	0.004209	-1.695262	-0.004209	1.002007	2.184061	
955	1.004090	0.002102	-3.479485	-0.002102	1.004090	1.693986	
956	1.004392	-0.000759	-4.690670	0.000759	1.004392	-3.726277	
957	1.001814	-0.001077	-2.360526	0.001077	1.001814	0.839140	
958	1.003920	-0.001591	-2.858343	0.001591	1.003920	-3.374007	
959	1.002107	-0.003290	-3.441903	0.003290	1.002107	-0.439339	
960	1.003290	-0.003198	-3.039225	0.003198	1.003290	-1.112415	
961	1.002474	-0.004257	-3.729396	0.004257	1.002474	-1.334727	
962	1.001251	0.001441	-0.506001	-0.001441	1.001251	1.239908	
963	1.001116	0.004664	-1.182336	-0.004664	1.001116	3.850529	
964	1.005303	-0.002000	-1.604881	0.002000	1.005303	-6.019826	
965	1.002695	-0.005138	-2.213031	0.005138	1.002695	-1.263826	
966	1.000135	-0.002782	-0.910073	0.002782	1.000135	2.406714	
967	1.004184	-0.002409	-1.555604	0.002409	1.004184	-4.468633	
968	1.001576	0.000578	-0.680400	-0.000578	1.001576	-0.209556	
969	1.001706	-0.002577	-1.511652	0.002577	1.001706	0.167287	
970	1.006483	0.002489	-1.673561	-0.002489	1.006483	-3.659423	
971	1.004454	0.007221	-0.198710	-0.007221	1.004454	3.665084	
972	1.004787	0.001174	0.551608	-0.001174	1.004787	0.890644	
973	1.003792	-0.001123	0.364484	0.001123	1.003792	0.880089	
974	1.008458	-0.000145	3.959011	0.000145	1.008458	-1.887890	
975	1.006289	0.001731	3.636915	-0.001731	1.006289	-0.712104	
976	1.008745	0.005549	7.533348	-0.005549	1.008745	-0.535662	
977	1.009342	0.003103	5.775531	-0.003103	1.009342	-1.304514	
978	1.009955	0.008624	5.863528	-0.008624	1.009955	-0.298496	
979	1.004837	0.006903	4.246811	-0.006903	1.004837	3.014271	
980	1.006833	0.003879	5.319560	-0.003879	1.006833	0.871803	
981	1.002260	-0.002692	1.734960	0.002692	1.002260	-2.441754	
982	1.002706	-0.002151	1.763595	0.002151	1.002706	-0.015535	
983	1.005685	0.002021	2.920766	-0.002021	1.005685	-1.580277	
984	1.003141	0.003333	1.498805	-0.003333	1.003141	2.654475	
985	1.000161	-0.003393	1.441862	0.003393	1.000161	5.975862	
986	1.002069	-0.001421	0.719157	0.001421	1.002069	-0.077064	
987	1.002238	-0.001657	0.505059	0.001657	1.002238	2.246061	
988	1.000128	-0.001614	0.659109	0.001614	1.000128	5.002166	
989	1.004108	0.000145	-0.629837	-0.000145	1.004108	-2.040744	
990	1.009020	0.002857	-2.267399	-0.002857	1.009020	-7.958083	
991	1.003791	-0.003469	-3.246740	0.003469	1.003791	-1.409875	
992	1.007715	-0.009312	-6.197940	0.009312	1.007715	-10.128273	
993	1.005194	-0.006365	-3.419892	0.006365	1.005194	-4.352598	
994	1.003419	0.001881	-2.129570	-0.001881	1.003419	0.308958	
995	1.003596	0.004788	-2.864492	-0.004788	1.003596	2.460392	
996	1.008672	-0.001941	-6.375569	0.001941	1.008672	-2.708129	
997	1.005789	-0.004573	-5.526057	0.004573	1.005789	-2.062844	
998	1.008429	-0.004561	-6.264749	0.004561	1.008429	-1.572990	
999	1.005778	0.000241	-3.406081	-0.000241	1.005778	-2.895489	
1000	1.007788	-0.004001	-4.058432	0.004001	1.007788	-4.259355	
1001	1.005734	-0.010423	-5.216492	0.010423	1.005734	-4.212719	
1002	1.003822	-0.008211	-6.372641	0.008211	1.003822	-4.249459	
1003	1.003848	0.000498	-1.856312	-0.000498	1.003848	0.700393	
1004	1.003587	0.004300	-1.904118	-0.004300	1.003587	1.518562	
1005	1.004505	-0.000126	-1.714290	0.000126	1.004505	-4.128491	
1006	1.001262	-0.009485	-2.804089	0.009485	1.001262	0.806149	
1007	1.004147	-0.003046	-0.142547	0.003046	1.004147	-2.189150	
1008	1.009289	0.006468	0.024574	-0.006468	1.009289	-0.292194	
1009	1.008545	0.005679	0.491429	-0.005679	1.008545	1.383563	
1010	1.004451	0.001582	0.216325	-0.001582	1.004451	-0.761923	
1011	1.008041	-0.000002	1.119913	0.000002	1.008041	-1.292435	
1012	1.003412	-0.000894	1.829801	0.000894	1.003412	-0.176564	
1013	1.002923	0.000774	8.428087	-0.000774	1.002923	1.385342	
1014	1.005005	0.000798	8.357643	-0.000798	1.005005	1.930989	
1015	1.005857	-0.001621	6.609614	0.001621	1.005857	-2.323744	
1016	1.012051	-0.004554	7.793920	0.004554	1.012051	-2.498684	
1017	1.004340	0.002058	5.442250	-0.002058	1.004340	2.313914	
1018	1.005947	0.006383	10.763071	-0.006383	1.005947	2.483363	
1019	1.007981	-0.003149	4.458299	0.003149	1.007981	-6.870072	
1020	1.003505	-0.008445	-3.000742	0.008445	1.003505	-1.904234	
1021	1.006756	-0.006329	-6.835694	0.006329	1.006756	-3.324021	
1022	1.007960	-0.000908	-6.783567	0.000908	1.007960	-1.960271	
1023	0.995082	-0.003232	-8.997402	0.003232	0.995082	0.649839	
1024	1.003285	-0.004739	-10.406218	0.004739	1.003285	-4.888636	
1025	0.996437	-0.002345	-14.469891	0.002345	0.996437	-2.547844	
1026	1.001826	0.001789	-7.020237	-0.001789	1.001826	-1.073609	
1027	1.002424	0.001903	-11.896170	-0.001903	1.002424	-2.898859	
1028	1.002230	-0.001080	-10.115070	0.001080	1.002230	-1.031498	
1029	1.002484	-0.004037	-9.256480	0.004037	1.002484	1.609977	
1030	1.005991	-0.003990	-10.058693	0.003990	1.005991	-0.957510	
1031	1.005285	0.002572	-6.541892	-0.002572	1.005285	0.712662	
1032	1.006143	0.002240	-5.142801	-0.002240	1.006143	-0.753699	
1033	1.011217	-0.002219	-10.064244	0.002219	1.011217	-8.165609	
1034	1.005024	-0.002049	-4.258292	0.002049	1.005024	-3.895365	
1035	1.006284	-0.001111	-5.830403	0.001111	1.006284	-0.463201	
1036	1.004209	0.004619	-1.727147	-0.004619	1.004209	3.379666	
1037	1.007923	0.006602	-3.229669	-0.006602	1.007923	2.068625	
1038	1.003489	-0.000053	-2.527402	0.000053	1.003489	0.984635	
1039	1.004573	0.000597	-1.796761	-0.000597	1.004573	6.069969	
1040	1.007200	0.001275	-2.754383	-0.001275	1.007200	-1.235705	
1041	1.007726	-0.002029	-3.461493	0.002029	1.007726	-7.995176	
1042	1.008027	-0.010929	-5.643785	0.010929	1.008027	-5.316807	
1043	1.005138	-0.004024	-1.765657	0.004024	1.005138	-3.865034	
1044	1.010066	0.005597	-0.193449	-0.005597	1.010066	-0.765327	
1045	1.004319	0.001941	-0.360267	-0.001941	1.004319	3.109722	
1046	1.007030	-0.003459	-1.057236	0.003459	1.007030	-0.253355	
1047	1.004927	-0.001291	1.045002	0.001291	1.004927	-0.771904	
1048	1.013181	0.001294	3.261183	-0.001294	1.013181	-7.063843	
1049	1.012141	0.001970	3.588501	-0.001970	1.012141	-8.218365	
1050	1.006606	-0.000238	3.339035	0.000238	1.006606	-2.008030	
1051	1.009518	0.004140	7.956229	-0.004140	1.009518	-2.796065	
1052	1.008115	0.004757	3.768231	-0.004757	1.008115	-0.603813	
1053	1.009560	0.007778	7.040567	-0.007778	1.009560	0.158328	
1054	1.010531	-0.002820	4.882396	0.002820	1.010531	-3.123240	
1055	1.009822	-0.004104	2.886983	0.004104	1.009822	-5.945704	
1056	1.013150	-0.004028	1.846683	0.004028	1.013150	-5.859905	
1057	1.008450	-0.002281	2.097869	0.002281	1.008450	-2.613436	
1058	1.014394	0.006059	5.411343	-0.006059	1.014394	-6.337618	
1059	1.010498	0.003430	2.125471	-0.003430	1.010498	-2.347768	
1060	1.008928	0.004752	2.975024	-0.004752	1.008928	-0.003304	
1061	1.010194	-0.001539	-0.119898	0.001539	1.010194	-7.051106	
1062	1.008833	-0.004704	-1.194835	0.004704	1.008833	-5.974638	
1063	1.013135	-0.007440	-2.804253	0.007440	1.013135	-7.477344	
1064	1.009469	0.000284	-0.373752	-0.000284	1.009469	-3.082669	
1065	1.010457	0.000170	-0.780041	-0.000170	1.010457	-1.175442	
1066	1.004754	-0.005284	0.828727	0.005284	1.004754	1.813375	
1067	1.002951	-0.006540	1.071890	0.006540	1.002951	4.942241	
1068	1.014679	-0.001420	-1.845214	0.001420	1.014679	0.834039	
1069	1.007685	0.001969	3.616995	-0.001969	1.007685	0.101740	
1070	1.007477	0.002881	0.888562	-0.002881	1.007477	1.650557	
1071	1.008293	0.003784	2.853807	-0.003784	1.008293	-1.869165	
1072	1.009272	0.000514	-1.494473	-0.000514	1.009272	-1.085083	
1073	1.009624	-0.000611	-0.372742	0.000611	1.009624	0.546091	
1074	1.011598	0.001854	-1.153006	-0.001854	1.011598	-4.485095	
1075	1.010048	0.000710	-2.737735	-0.000710	1.010048	-3.631528	
1076	1.013085	0.005938	-3.221261	-0.005938	1.013085	-5.802678	
1077	1.012291	0.004254	-3.538880	-0.004254	1.012291	-1.481440	
1078	1.013372	0.007748	-4.918577	-0.007748	1.013372	-3.871269	
1079	1.010299	-0.001658	-6.601110	0.001658	1.010299	-0.534088	
1080	1.000336	-0.007176	-6.755496	0.007176	1.000336	6.255006	
1081	1.008384	-0.002680	-3.717482	0.002680	1.008384	-3.729940	
1082	1.013314	0.001206	-8.368272	-0.001206	1.013314	-2.982885	
1083	1.006017	0.002100	-6.102163	-0.002100	1.006017	2.636846	
1084	1.015490	-0.001816	-7.264320	0.001816	1.015490	-3.639896	
1085	1.008960	-0.000792	-7.763245	0.000792	1.008960	-3.442665	
1086	1.011377	-0.000336	-3.922061	0.000336	1.011377	-1.583403	
1087	1.010746	0.002863	-3.646669	-0.002863	1.010746	-5.836315	
1088	1.003655	-0.000980	-5.293067	0.000980	1.003655	2.153226	
1089	1.017297	-0.005222	-8.784027	0.005222	1.017297	-2.012792	
1090	1.013493	-0.003834	-6.847590	0.003834	1.013493	-16.351804	
1091	1.015753	0.001355	-1.668124	-0.001355	1.015753	-20.131664	
1092	0.987295	0.021700	-12.663337	-0.021700	0.987295	34.158132	
1093	0.993752	-0.042102	4.391839	0.042102	0.993752	7.945774	
1094	1.005662	-0.004216	-3.973504	0.004216	1.005662	-1.377470	
1095	1.002443	0.005576	-3.472035	-0.005576	1.002443	7.008150	
1096	1.001548	0.001835	-5.172875	-0.001835	1.001548	12.459397	
1097	1.000588	0.002322	6.363729	-0.002322	1.000588	12.421746	
1098	1.010328	0.023196	-10.165413	-0.023196	1.010328	-3.860715	
1099	1.007272	0.001656	-3.438603	-0.001656	1.007272	-6.280771	
1100	1.005273	-0.009099	-13.066763	0.009099	1.005273	-1.151833	
1101	1.004593	-0.012882	-5.918172	0.012882	1.004593	-0.968562	
1102	1.007622	-0.000393	-3.884942	0.000393	1.007622	-4.811025	
1103	1.009066	0.005697	-5.729764	-0.005697	1.009066	0.327214	
1104	1.005903	0.000892	-3.457222	-0.000892	1.005903	0.107659	
1105	1.009184	-0.003218	-6.226555	0.003218	1.009184	-3.871037	
1106	1.007267	-0.006409	-4.793741	0.006409	1.007267	0.944760	
1107	1.007098	-0.005405	-4.219121	0.005405	1.007098	3.305396	
1108	1.010182	-0.000811	-3.028116	0.000811	1.010182	-3.692459	
1109	1.010418	0.000460	-3.325241	-0.000460	1.010418	-2.592744	
1110	1.009650	-0.002290	-4.446472	0.002290	1.009650	0.324336	
1111	1.010022	0.003732	-3.534745	-0.003732	1.010022	-0.431991	
1112	1.009400	0.000134	-3.244330	-0.000134	1.009400	-4.811482	
1113	1.013371	-0.004489	-6.723338	0.004489	1.013371	-5.415857	
1114	1.008149	-0.004633	-4.376367	0.004633	1.008149	-2.245571	
1115	1.015143	0.001513	-4.051429	-0.001513	1.015143	-8.636146	
1116	1.008461	-0.001802	-5.041505	0.001802	1.008461	-2.702999	
1117	1.009209	-0.005831	-5.768401	0.005831	1.009209	-0.120115	
1118	1.008220	-0.001950	-3.217482	0.001950	1.008220	-1.064557	
1119	1.005847	0.002229	-3.517059	-0.002229	1.005847	3.042476	
1120	1.008064	0.002586	-2.214128	-0.002586	1.008064	1.323286	
1121	1.006245	0.000725	-4.559476	-0.000725	1.006245	-0.075838	
1122	1.008580	0.000796	-4.136632	-0.000796	1.008580	-4.077232	
1123	1.006399	0.001308	-3.344833	-0.001308	1.006399	-1.667658	
1124	1.010322	-0.003961	-7.141849	0.003961	1.010322	-9.420096	
1125	1.005946	-0.003614	-3.802968	0.003614	1.005946	-4.421477	
1126	1.008321	-0.002190	-4.244590	0.002190	1.008321	-4.220565	
1127	1.007690	0.005613	-1.109259	-0.005613	1.007690	-3.154971	
1128	1.004801	0.000393	-1.473623	-0.000393	1.004801	-1.792374	
1129	1.008272	-0.006203	-4.718419	0.006203	1.008272	-1.771620	
1130	1.001377	-0.002418	-0.246171	0.002418	1.001377	2.350028	
1131	1.006556	0.001370	-0.127910	-0.001370	1.006556	0.960024	
1132	1.007226	0.004754	0.295010	-0.004754	1.007226	-2.936047	
1133	1.004143	-0.000719	-0.556215	0.000719	1.004143	1.246077	
1134	1.009486	-0.001479	-1.366349	0.001479	1.009486	-4.406313	
1135	1.005556	0.003417	1.146355	-0.003417	1.005556	-3.627202	
1136	1.007502	0.005797	-1.190277	-0.005797	1.007502	1.425920	
1137	1.005235	0.000750	0.042832	-0.000750	1.005235	-1.957800	
1138	1.007815	-0.000061	-2.347183	0.000061	1.007815	-2.519180	
1139	1.007629	0.002353	-0.432378	-0.002353	1.007629	-1.168617	
1140	1.007910	0.001050	-2.004835	-0.001050	1.007910	1.210635	
1141	1.002779	-0.000781	0.015225	0.000781	1.002779	-0.061378	
1142	1.010591	-0.000371	-1.577891	0.000371	1.010591	-2.365316	
1143	1.007559	-0.000646	-1.606938	0.000646	1.007559	-0.976136	
1144	1.012150	0.006058	-0.984479	-0.006058	1.012150	-0.881909	
1145	0.997711	0.007367	1.569922	-0.007367	0.997711	4.765678	
1146	1.009403	0.003378	-0.749018	-0.003378	1.009403	-0.837983	
1147	1.012232	0.004116	-1.797003	-0.004116	1.012232	-3.401394	
1148	1.012231	0.006616	0.978478	-0.006616	1.012231	-6.880543	
1149	1.010403	0.002830	-0.708920	-0.002830	1.010403	-3.697108	
1150	1.011994	-0.006581	-3.378347	0.006581	1.011994	-6.555549	
1151	1.005798	-0.002394	-2.026161	0.002394	1.005798	-2.696753	
1152	1.010647	0.000295	-1.434893	-0.000295	1.010647	-3.817953	
1153	1.007315	0.001716	-1.447966	-0.001716	1.007315	-0.673164	
1154	1.009420	-0.001306	-2.970193	0.001306	1.009420	2.636915	
1155	1.004825	0.002656	-0.206183	-0.002656	1.004825	1.133651	
1156	1.008303	0.005056	-0.828748	-0.005056	1.008303	-1.132555	
1157	1.006938	0.000070	-2.602364	-0.000070	1.006938	-0.685782	
1158	1.006500	0.000188	-0.996801	-0.000188	1.006500	-3.076961	
1159	1.008592	0.000842	-3.601803	-0.000842	1.008592	-1.309487	
1160	1.008636	-0.000390	-2.927792	0.000390	1.008636	-1.822927	
1161	1.007607	0.002158	-3.299725	-0.002158	1.007607	0.429660	
1162	1.008960	-0.003847	-3.572691	0.003847	1.008960	-1.575390	
1163	1.011856	0.001454	-2.363529	-0.001454	1.011856	-1.307219	
1164	1.008062	0.030044	-0.215367	-0.030044	1.008062	8.061662	
1165	1.017906	0.010265	-2.413690	-0.010265	1.017906	-0.621666	
1166	1.006186	0.010833	1.932888	-0.010833	1.006186	5.214932	
1167	0.972930	-0.009255	31.591571	0.009255	0.972930	3.210909	
1168	0.977202	0.023718	26.364876	-0.023718	0.977202	11.275190	
1169	1.012400	-0.013702	12.707079	0.013702	1.012400	-11.679281	
1170	1.031246	0.015278	1.835051	-0.015278	1.031246	-2.836549	
1171	0.986965	-0.002188	24.404036	0.002188	0.986965	3.763593	
1172	0.992166	-0.003159	21.276800	0.003159	0.992166	2.860663	
1173	1.047288	-0.000603	2.927166	0.000603	1.047288	-7.232580	
1174	1.020760	0.001109	-0.629016	-0.001109	1.020760	-1.330148	
1175	1.006380	-0.003175	3.600854	0.003175	1.006380	-2.143813	
1176	1.014260	0.002127	2.483457	-0.002127	1.014260	-3.738809	
1177	1.003604	0.003163	3.380709	-0.003163	1.003604	2.010748	
1178	1.002474	0.001119	1.636457	-0.001119	1.002474	0.062104	
1179	1.006783	-0.003595	0.332013	0.003595	1.006783	-3.232718	
1180	1.003370	-0.000902	-0.292169	0.000902	1.003370	-0.780152	
1181	1.007457	0.002243	1.273743	-0.002243	1.007457	-5.879392	
1182	1.006399	-0.000007	-0.810233	0.000007	1.006399	-1.367762	
1183	1.008151	-0.005881	-3.368409	0.005881	1.008151	-3.280100	
1184	1.006421	-0.003120	-2.657625	0.003120	1.006421	-2.099284	
1185	1.007864	-0.002762	-3.214944	0.002762	1.007864	-0.859128	
1186	1.006967	-0.000051	-2.825842	0.000051	1.006967	-0.157397	
1187	1.004832	0.001179	-2.880010	-0.001179	1.004832	5.840963	
1188	1.004897	0.000093	-3.227299	-0.000093	1.004897	1.851826	
1189	1.008411	-0.002683	-5.335413	0.002683	1.008411	-3.001917	
1190	1.007713	-0.001558	-3.403399	0.001558	1.007713	-0.355317	
1191	1.004971	-0.000031	-2.934442	0.000031	1.004971	0.330846	
1192	1.008950	-0.000795	-3.291299	0.000795	1.008950	-3.957828	
1193	1.005626	-0.002803	-2.437306	0.002803	1.005626	-1.802099	
