0	1.000000	0.000000	0.000000	0.000000	1.000000	0.000000	
1	1.001983	-0.000105	-2.348548	0.000105	1.001983	-0.113496	
2	1.000682	-0.000976	-0.248288	0.000976	1.000682	-0.403286	
3	1.002469	-0.000837	-2.547801	0.000837	1.002469	-2.326938	
4	1.001466	-0.000494	-3.458724	0.000494	1.001466	0.682845	
5	1.002300	0.000077	-4.669712	-0.000077	1.002300	0.585581	
6	1.002039	0.000182	-2.047498	-0.000182	1.002039	1.319338	
7	1.001910	0.000279	-1.812194	-0.000279	1.001910	0.110824	
8	1.001946	0.000205	-4.006807	-0.000205	1.001946	0.979653	
9	1.002438	0.000044	-2.962358	-0.000044	1.002438	0.430723	
10	1.001491	0.000016	-2.153337	-0.000016	1.001491	0.686233	
11	1.001893	-0.000364	-3.231153	0.000364	1.001893	0.330141	
12	1.001822	0.000674	-1.805610	-0.000674	1.001822	2.126066	
13	1.001590	-0.000900	-2.389829	0.000900	1.001590	0.294844	
14	1.001643	0.000467	-3.120604	-0.000467	1.001643	1.454432	
15	1.002166	-0.000601	-1.763932	0.000601	1.002166	-0.284348	
16	1.001909	-0.000495	-2.047662	0.000495	1.001909	-0.871045	
17	1.002041	0.000668	-2.090302	-0.000668	1.002041	0.997468	
18	1.001954	0.001206	-3.206049	-0.001206	1.001954	2.433478	
19	1.002594	0.000476	-2.969375	-0.000476	1.002594	0.476280	
20	1.001920	0.000136	-2.968709	-0.000136	1.001920	1.260750	
21	1.002430	0.000340	-3.300131	-0.000340	1.002430	0.906657	
22	1.001442	0.001841	-2.298339	-0.001841	1.001442	2.738340	
23	1.002858	0.000572	-3.031226	-0.000572	1.002858	0.920240	
24	1.002048	0.000328	-2.281405	-0.000328	1.002048	0.117861	
25	1.001445	-0.000169	-1.510477	0.000169	1.001445	-0.002669	
26	1.001814	0.000100	-3.262886	-0.000100	1.001814	0.072823	
27	1.002085	-0.000102	-3.187458	0.000102	1.002085	0.434395	
28	1.001093	-0.000011	-1.669412	0.000011	1.001093	0.911749	
29	1.002372	-0.000473	-4.054786	0.000473	1.002372	-0.370923	
30	1.001443	-0.000098	-1.969889	0.000098	1.001443	-0.071632	
31	1.002571	-0.000026	-2.929409	0.000026	1.002571	-0.881798	
32	1.001994	0.001094	-4.009893	-0.001094	1.001994	2.127446	
33	1.002260	-0.000208	-1.667465	0.000208	1.002260	-1.024277	
34	1.001251	0.000149	-2.288679	-0.000149	1.001251	0.487506	
35	1.001440	0.000832	-1.840522	-0.000832	1.001440	1.523463	
36	1.001395	0.000451	-1.749766	-0.000451	1.001395	0.444448	
37	1.001581	0.000158	-1.710275	-0.000158	1.001581	-0.338497	
38	1.000869	0.000086	-0.671628	-0.000086	1.000869	0.038771	
39	1.001515	0.000366	-1.322451	-0.000366	1.001515	0.946551	
40	1.001244	0.000380	-1.708616	-0.000380	1.001244	0.703009	
41	1.001361	0.000144	-1.724421	-0.000144	1.001361	0.249025	
42	1.000980	-0.000157	-1.257651	0.000157	1.000980	-0.128046	
43	1.001880	0.000084	-3.767778	-0.000084	1.001880	0.579440	
44	1.001258	-0.000247	-2.229463	0.000247	1.001258	0.419361	
45	1.002434	0.000520	-3.526219	-0.000520	1.002434	0.787756	
46	1.001696	0.000736	-2.222250	-0.000736	1.001696	1.126393	
47	1.002573	0.000280	-3.195782	-0.000280	1.002573	0.488517	
48	1.001177	0.000463	-0.997212	-0.000463	1.001177	1.423581	
49	1.001816	-0.000378	-1.042809	0.000378	1.001816	-0.182300	
50	1.001165	-0.000069	-1.090547	0.000069	1.001165	-0.218640	
51	1.001757	-0.000103	-1.955692	0.000103	1.001757	-0.110807	
52	1.001181	0.000037	-2.384376	-0.000037	1.001181	1.046377	
53	1.001978	-0.000704	-2.225235	0.000704	1.001978	-0.110013	
54	1.001447	-0.000487	-2.746420	0.000487	1.001447	0.546241	
55	1.002255	-0.000636	-1.702163	0.000636	1.002255	-0.666376	
56	1.001516	-0.000542	-1.732695	0.000542	1.001516	-0.188252	
57	1.002464	0.000587	-2.879035	-0.000587	1.002464	0.766159	
58	1.001002	0.000175	-1.295902	-0.000175	1.001002	0.410608	
59	1.002014	-0.000518	-1.562033	0.000518	1.002014	-1.166980	
60	1.001394	0.000154	-1.751576	-0.000154	1.001394	0.495142	
61	1.001960	0.000380	-1.983357	-0.000380	1.001960	1.337343	
62	1.001162	-0.000119	0.278932	0.000119	1.001162	-0.228978	
63	1.001707	-0.000103	-1.234662	0.000103	1.001707	-0.157756	
64	1.001215	-0.000279	-1.449985	0.000279	1.001215	1.086996	
65	1.001321	-0.000068	-1.176487	0.000068	1.001321	-0.563654	
66	1.001456	-0.000120	-1.036777	0.000120	1.001456	-0.008124	
67	1.001986	0.000158	-2.257664	-0.000158	1.001986	0.053672	
68	1.001463	0.000491	-1.955960	-0.000491	1.001463	1.139813	
69	1.002204	0.000289	-1.837151	-0.000289	1.002204	0.623501	
70	1.001710	-0.000429	-2.896590	0.000429	1.001710	-0.400649	
71	1.002126	0.000906	-3.373407	-0.000906	1.002126	1.340652	
72	1.001382	0.001029	-0.704154	-0.001029	1.001382	1.280191	
73	1.001977	-0.000257	-0.319233	0.000257	1.001977	-1.226555	
74	1.001292	-0.000211	-1.237942	0.000211	1.001292	-0.925596	
75	1.001816	0.000823	-3.004822	-0.000823	1.001816	0.604640	
76	1.001531	0.000426	-0.600958	-0.000426	1.001531	0.727080	
77	1.002289	-0.000292	-1.665146	0.000292	1.002289	-1.089592	
78	1.002100	-0.000394	-2.660086	0.000394	1.002100	-0.312803	
79	1.002408	0.001330	-2.955343	-0.001330	1.002408	1.548427	
80	1.002009	0.000357	-1.286527	-0.000357	1.002009	-1.205249	
81	1.002381	-0.000323	-3.189064	0.000323	1.002381	-1.419128	
82	1.001311	-0.000123	-1.438888	0.000123	1.001311	0.027667	
83	1.001432	-0.000413	-0.363059	0.000413	1.001432	-0.515501	
84	1.001172	-0.000892	-0.298339	0.000892	1.001172	-1.161308	
85	1.001956	-0.000750	-1.015175	0.000750	1.001956	-1.548311	
86	1.001287	-0.000666	-0.777837	0.000666	1.001287	-1.336896	
87	1.001901	-0.000098	-1.082940	0.000098	1.001901	-0.420826	
88	1.001494	0.000316	-1.578967	-0.000316	1.001494	-0.757116	
89	1.001747	-0.000379	-2.760220	0.000379	1.001747	-1.258259	
90	1.001780	0.000362	-2.919705	-0.000362	1.001780	-0.098633	
91	1.001720	0.000479	-2.414701	-0.000479	1.001720	0.243865	
92	1.001615	-0.000021	-1.863571	0.000021	1.001615	-0.153630	
93	1.001566	-0.000201	-2.837016	0.000201	1.001566	-0.360991	
94	1.001491	0.000414	-2.300911	-0.000414	1.001491	0.045378	
95	1.001443	0.000679	-1.734314	-0.000679	1.001443	0.635745	
96	1.001479	0.001088	-1.098846	-0.001088	1.001479	-0.441775	
97	1.001396	0.000844	-1.250911	-0.000844	1.001396	0.767527	
98	1.001082	0.000586	-1.323260	-0.000586	1.001082	0.204349	
99	1.001471	-0.000498	-0.915210	0.000498	1.001471	-0.854784	
100	1.000934	0.000374	-1.587899	-0.000374	1.000934	0.419329	
101	1.001957	-0.000164	-1.017768	0.000164	1.001957	-0.545870	
102	1.001914	-0.000472	-0.806571	0.000472	1.001914	-1.100875	
103	1.002183	-0.000582	-2.430689	0.000582	1.002183	-0.791387	
104	1.001539	-0.000589	-1.976623	0.000589	1.001539	-0.627392	
105	1.001972	-0.000264	-2.614178	0.000264	1.001972	-0.433849	
106	1.001053	-0.000261	-0.475440	0.000261	1.001053	-0.249702	
107	1.001319	-0.000341	-0.785066	0.000341	1.001319	-0.948967	
108	1.000644	-0.000103	-0.115254	0.000103	1.000644	-0.261010	
109	1.001326	0.000122	-1.068984	-0.000122	1.001326	-0.373174	
110	1.001343	-0.000579	-1.119319	0.000579	1.001343	-0.674697	
111	1.001565	0.000297	-1.623583	-0.000297	1.001565	0.238050	
112	1.001645	-0.000149	-1.787885	0.000149	1.001645	-0.543576	
113	1.002025	0.000102	-2.877552	-0.000102	1.002025	-0.263872	
114	1.002025	0.000509	-2.979194	-0.000509	1.002025	0.280417	
115	1.002405	0.000922	-2.129534	-0.000922	1.002405	0.289540	
116	1.001908	-0.000103	-2.176232	0.000103	1.001908	-0.529909	
117	1.001536	0.000595	-1.689966	-0.000595	1.001536	0.263981	
118	1.001270	0.000695	-1.630381	-0.000695	1.001270	0.532929	
119	1.001821	0.001257	-2.458371	-0.001257	1.001821	1.398265	
120	1.001284	0.000038	-1.122796	-0.000038	1.001284	0.036647	
121	1.001508	0.001075	-1.368397	-0.001075	1.001508	1.042120	
122	1.001102	0.000027	-1.693882	-0.000027	1.001102	-0.098654	
123	1.000737	0.000326	-0.652365	-0.000326	1.000737	-0.062274	
124	1.002222	0.000659	-1.783006	-0.000659	1.002222	0.400564	
125	1.002251	0.001275	-2.304934	-0.001275	1.002251	0.400757	
126	1.003219	0.000409	-2.950306	-0.000409	1.003219	0.130155	
127	1.002733	0.000015	-2.585934	-0.000015	1.002733	-1.485723	
128	1.001239	0.000188	-1.320741	-0.000188	1.001239	0.336539	
129	1.001811	0.000207	-1.226950	-0.000207	1.001811	0.317105	
130	1.001606	0.000275	-1.281668	-0.000275	1.001606	0.042989	
131	1.002142	0.000894	-1.175781	-0.000894	1.002142	-0.299929	
132	1.000395	-0.000594	-0.385789	0.000594	1.000395	-1.254717	
133	1.001638	-0.000365	-1.874874	0.000365	1.001638	-1.013312	
134	1.001305	0.000634	-1.165797	-0.000634	1.001305	1.485324	
135	1.002142	-0.000124	-0.184927	0.000124	1.002142	-0.688965	
136	1.001034	-0.000365	0.224502	0.000365	1.001034	-0.915618	
137	1.002301	0.000292	-3.285751	-0.000292	1.002301	-0.024005	
138	1.001491	0.000642	-1.073129	-0.000642	1.001491	0.092825	
139	1.002603	0.001060	-2.420776	-0.001060	1.002603	-0.108533	
140	1.001621	0.000176	-1.345454	-0.000176	1.001621	-0.286554	
141	1.001987	-0.000129	-2.003110	0.000129	1.001987	-0.653675	
142	1.001618	0.000245	-1.963374	-0.000245	1.001618	-0.933252	
143	1.001670	0.000237	-2.419069	-0.000237	1.001670	-0.532306	
144	1.001204	-0.000390	-2.075300	0.000390	1.001204	-1.835707	
145	1.002203	-0.000303	-3.764069	0.000303	1.002203	-0.799495	
146	1.001385	-0.000048	-1.453646	0.000048	1.001385	-1.216158	
147	1.002244	0.000017	-3.344387	-0.000017	1.002244	-1.594681	
148	1.001246	0.000602	-2.284827	-0.000602	1.001246	-0.297884	
149	1.002422	-0.000637	-3.716346	0.000637	1.002422	-0.950085	
150	1.001793	0.000789	-2.208317	-0.000789	1.001793	0.564883	
151	1.001237	0.000842	-0.976318	-0.000842	1.001237	0.623982	
152	1.001536	0.000361	0.017725	-0.000361	1.001536	-0.171136	
153	1.004227	0.000455	-4.515582	-0.000455	1.004227	-0.957030	
154	1.001162	0.000010	-1.247833	-0.000010	1.001162	0.533916	
155	1.001600	-0.000919	-0.893115	0.000919	1.001600	-1.435788	
156	1.001367	-0.000405	-1.045343	0.000405	1.001367	-0.836187	
157	1.002878	-0.000034	-2.679572	0.000034	1.002878	-1.466408	
158	1.000996	0.000336	-1.237416	-0.000336	1.000996	0.425006	
159	1.001931	-0.000532	-2.343873	0.000532	1.001931	-0.782544	
160	1.001073	-0.000354	-1.451058	0.000354	1.001073	-0.767470	
161	1.001817	0.000156	-1.887827	-0.000156	1.001817	-0.516254	
162	1.000883	0.000608	-2.134096	-0.000608	1.000883	1.545528	
163	1.001575	0.000822	-1.243627	-0.000822	1.001575	0.171947	
164	1.001050	0.000511	-0.700283	-0.000511	1.001050	0.515375	
165	1.002302	0.001272	-2.861291	-0.001272	1.002302	0.451540	
166	1.001135	0.000722	-1.262720	-0.000722	1.001135	0.444476	
167	1.001991	0.000472	-2.688821	-0.000472	1.001991	0.089521	
168	1.001690	-0.000043	-2.253311	0.000043	1.001690	-0.051943	
169	1.001585	0.000562	-2.161634	-0.000562	1.001585	0.234343	
170	1.001015	0.000030	-0.592864	-0.000030	1.001015	-0.096366	
171	1.001430	0.000389	-2.052966	-0.000389	1.001430	0.176564	
172	1.000836	0.000454	-2.091684	-0.000454	1.000836	1.052219	
173	1.002130	0.000846	-2.022553	-0.000846	1.002130	0.338164	
174	1.001118	0.000487	-0.943792	-0.000487	1.001118	0.335453	
175	1.002264	0.000669	-2.938078	-0.000669	1.002264	-0.388947	
176	1.002136	0.001049	-2.521004	-0.001049	1.002136	0.650502	
177	1.002068	0.001048	-2.069270	-0.001048	1.002068	0.097677	
178	1.000830	0.000327	-1.012936	-0.000327	1.000830	1.467768	
179	1.002531	0.000979	-2.858525	-0.000979	1.002531	1.056838	
180	1.001106	0.000312	-0.558294	-0.000312	1.001106	0.326328	
181	1.002202	0.000574	-2.565671	-0.000574	1.002202	-0.730469	
182	1.001177	0.000527	-1.221044	-0.000527	1.001177	-0.220501	
183	1.001717	0.000493	-1.554328	-0.000493	1.001717	-0.717157	
184	1.001327	0.000355	-1.038889	-0.000355	1.001327	-0.013979	
185	1.002427	0.000420	-2.355944	-0.000420	1.002427	0.066523	
186	1.001060	0.000562	-0.967505	-0.000562	1.001060	0.118868	
187	1.001714	0.001338	-2.624769	-0.001338	1.001714	0.867416	
188	1.001408	0.000818	-1.505893	-0.000818	1.001408	0.808307	
189	1.001847	0.001199	-2.117365	-0.001199	1.001847	0.738987	
190	1.001526	0.000611	-1.525774	-0.000611	1.001526	-0.498470	
191	1.001434	0.000668	-2.606686	-0.000668	1.001434	-0.180481	
192	1.000995	0.001524	-1.398503	-0.001524	1.000995	1.843815	
193	1.001690	-0.000125	-0.379275	0.000125	1.001690	-0.523529	
194	1.001451	0.000089	-1.067924	-0.000089	1.001451	-0.069432	
195	1.001211	0.000408	-0.396210	-0.000408	1.001211	0.122304	
196	1.000977	0.000807	-0.614629	-0.000807	1.000977	0.582735	
197	1.001031	0.000804	-0.128975	-0.000804	1.001031	0.362470	
198	1.001848	-0.000575	-0.588040	0.000575	1.001848	-1.558509	
199	1.001472	0.000783	-2.317516	-0.000783	1.001472	0.426371	
200	1.002397	0.001766	-2.999083	-0.001766	1.002397	2.419414	
201	1.002515	0.000922	-2.668675	-0.000922	1.002515	-0.242172	
202	1.001509	0.000597	-2.073603	-0.000597	1.001509	-0.160233	
203	1.001508	0.000736	-1.506484	-0.000736	1.001508	0.784177	
204	1.001263	0.000480	-0.808623	-0.000480	1.001263	-0.343331	
205	1.001028	0.000830	-1.136685	-0.000830	1.001028	0.284912	
206	1.001689	0.001043	-0.432854	-0.001043	1.001689	1.007311	
207	1.001621	0.000131	-1.399332	-0.000131	1.001621	-0.036516	
208	1.001324	0.000350	-2.046118	-0.000350	1.001324	-0.267748	
209	1.001008	0.000348	-0.251575	-0.000348	1.001008	0.182180	
210	1.001374	0.000653	0.068770	-0.000653	1.001374	0.410579	
211	1.001793	0.000400	-0.761008	-0.000400	1.001793	-0.160348	
212	1.001787	0.000953	-1.210197	-0.000953	1.001787	0.566452	
213	1.001576	0.000722	-1.084848	-0.000722	1.001576	0.897120	
214	1.001843	0.000664	-0.530484	-0.000664	1.001843	-0.375108	
215	1.001576	0.000779	-1.601153	-0.000779	1.001576	0.053384	
216	1.001607	0.000683	-1.363464	-0.000683	1.001607	-0.121608	
217	1.001143	0.000355	-1.641557	-0.000355	1.001143	0.153550	
218	1.001710	0.000987	-1.644361	-0.000987	1.001710	0.745616	
219	1.002149	0.000956	-1.385346	-0.000956	1.002149	0.808691	
220	1.001715	0.000684	-1.245598	-0.000684	1.001715	0.606658	
221	1.001241	0.000434	-1.135253	-0.000434	1.001241	0.395044	
222	1.001568	0.000652	-1.909128	-0.000652	1.001568	0.731825	
223	1.001172	0.000965	-1.120215	-0.000965	1.001172	0.522116	
224	1.001377	0.001183	-1.036720	-0.001183	1.001377	0.697939	
225	1.001952	0.001085	-1.659423	-0.001085	1.001952	0.069878	
226	1.001534	0.000611	-1.273741	-0.000611	1.001534	-0.029762	
227	1.001617	0.000265	-1.207455	-0.000265	1.001617	0.003703	
228	1.001284	0.000919	0.031738	-0.000919	1.001284	1.179810	
229	1.001641	0.000449	-1.414869	-0.000449	1.001641	0.576619	
230	1.000629	0.000597	-0.328627	-0.000597	1.000629	0.306670	
231	1.001795	0.000386	-1.848435	-0.000386	1.001795	0.369172	
232	1.000807	0.000896	-0.311393	-0.000896	1.000807	-0.001815	
233	1.001324	-0.000088	-0.251995	0.000088	1.001324	-0.787258	
234	1.000991	0.000612	-1.025481	-0.000612	1.000991	0.611407	
235	1.001829	0.000798	-1.210345	-0.000798	1.001829	0.249486	
236	1.001011	0.000377	-0.750636	-0.000377	1.001011	0.328933	
237	1.001172	0.000361	-0.164920	-0.000361	1.001172	-0.718022	
238	1.000869	0.000593	-0.787645	-0.000593	1.000869	-0.315129	
239	1.001192	0.000283	-1.006074	-0.000283	1.001192	0.331747	
240	1.000769	0.000632	-0.188638	-0.000632	1.000769	0.518940	
241	1.001318	0.000758	-0.269018	-0.000758	1.001318	-0.086494	
242	1.000931	0.000511	-0.756308	-0.000511	1.000931	0.390020	
243	1.000816	0.000536	-0.662833	-0.000536	1.000816	0.250994	
244	1.001101	0.000922	-0.924907	-0.000922	1.001101	0.465228	
245	1.001934	0.000694	-0.828670	-0.000694	1.001934	0.155018	
246	1.000785	0.000808	0.266198	-0.000808	1.000785	0.814361	
247	1.001707	0.000793	-0.906690	-0.000793	1.001707	-0.447674	
248	1.000924	0.000494	0.192435	-0.000494	1.000924	0.077771	
249	1.001844	0.000447	0.043008	-0.000447	1.001844	0.038907	
250	1.000765	0.000635	0.676979	-0.000635	1.000765	0.521342	
251	1.001466	0.000337	-0.722670	-0.000337	1.001466	0.257328	
252	1.000620	0.000237	-0.403894	-0.000237	1.000620	0.915906	
253	1.001824	0.000397	-0.430831	-0.000397	1.001824	-0.047212	
254	1.000793	0.000391	0.557316	-0.000391	1.000793	0.309284	
255	1.001671	0.000706	-1.128118	-0.000706	1.001671	-0.288661	
256	1.000828	0.000532	-0.240656	-0.000532	1.000828	0.418224	
257	1.000915	-0.000261	-0.581311	0.000261	1.000915	-0.082402	
258	1.000627	0.000306	-0.497631	-0.000306	1.000627	0.936184	
259	1.001201	0.000199	-0.281588	-0.000199	1.001201	0.092566	
260	1.000724	0.000225	0.637639	-0.000225	1.000724	0.604974	
261	1.000937	0.000360	-1.746337	-0.000360	1.000937	0.987071	
262	1.000095	0.000597	0.628097	-0.000597	1.000095	0.809127	
263	1.001343	0.000124	0.126640	-0.000124	1.001343	-1.100179	
264	1.000292	0.000234	-0.492596	-0.000234	1.000292	0.286764	
265	1.000832	0.000451	0.479458	-0.000451	1.000832	0.540655	
266	1.001947	0.001127	-0.054700	-0.001127	1.001947	2.187908	
267	1.001488	0.000559	-0.388493	-0.000559	1.001488	0.487229	
268	1.001222	0.000966	-0.768189	-0.000966	1.001222	1.677913	
269	1.001716	0.000939	-1.324817	-0.000939	1.001716	1.216602	
270	1.001114	0.001154	0.209632	-0.001154	1.001114	1.370657	
271	1.001760	0.001290	-0.801922	-0.001290	1.001760	0.673526	
272	1.000765	0.000505	0.327314	-0.000505	1.000765	0.744713	
273	1.002320	0.001587	-1.512526	-0.001587	1.002320	1.752134	
274	1.002109	0.001619	-2.097380	-0.001619	1.002109	2.030648	
275	1.001972	0.000829	-1.399386	-0.000829	1.001972	0.717724	
276	1.001002	0.000746	-0.034109	-0.000746	1.001002	0.974388	
277	1.002862	0.001236	-2.241319	-0.001236	1.002862	0.681626	
278	1.001906	0.001117	-1.902333	-0.001117	1.001906	0.958386	
279	1.003117	0.001343	-2.125932	-0.001343	1.003117	0.522569	
280	1.001277	0.001079	-0.762732	-0.001079	1.001277	1.534302	
281	1.002660	0.001112	-2.545379	-0.001112	1.002660	0.759102	
282	1.000980	0.000697	-0.748850	-0.000697	1.000980	0.828912	
283	1.002154	0.000915	-1.249301	-0.000915	1.002154	0.924275	
284	1.001045	0.000899	0.290177	-0.000899	1.001045	1.077957	
285	1.001923	0.001036	-1.876612	-0.001036	1.001923	1.321461	
286	1.001658	0.001339	-1.639525	-0.001339	1.001658	1.845931	
287	1.001960	0.001314	-1.124513	-0.001314	1.001960	1.256608	
288	1.002714	0.001595	-1.662637	-0.001595	1.002714	1.645699	
289	1.002347	0.000769	-0.503737	-0.000769	1.002347	1.093138	
290	1.001519	0.001091	-0.179279	-0.001091	1.001519	1.241167	
291	1.003433	0.001658	-3.176325	-0.001658	1.003433	1.103027	
292	1.002233	0.001255	-1.765005	-0.001255	1.002233	0.743998	
293	1.003876	0.001552	-3.714685	-0.001552	1.003876	1.423580	
294	1.002314	0.001008	-0.700827	-0.001008	1.002314	0.570242	
295	1.003230	0.001150	-3.080188	-0.001150	1.003230	0.492990	
296	1.002757	0.001586	-3.182281	-0.001586	1.002757	1.594790	
297	1.003195	0.001538	-3.036523	-0.001538	1.003195	1.759264	
298	1.001933	0.001428	-0.741580	-0.001428	1.001933	1.156109	
299	1.002312	0.000653	-1.765915	-0.000653	1.002312	0.539345	
300	1.002957	0.002661	-4.265897	-0.002661	1.002957	3.287830	
301	1.001806	0.000611	-1.152529	-0.000611	1.001806	-0.417646	
302	1.000639	0.000592	0.076017	-0.000592	1.000639	0.529316	
303	1.002862	0.000781	-2.985462	-0.000781	1.002862	0.225727	
304	1.001230	0.000645	-0.924114	-0.000645	1.001230	0.642146	
305	1.002763	0.000938	-1.991622	-0.000938	1.002763	0.569422	
306	1.001148	0.000307	-0.315249	-0.000307	1.001148	1.067286	
307	1.002728	0.000201	-1.597799	-0.000201	1.002728	0.315686	
308	1.002282	0.000989	-1.200404	-0.000989	1.002282	0.611194	
309	1.002349	0.000658	-0.484815	-0.000658	1.002349	0.987764	
310	1.001548	0.000202	-0.312067	-0.000202	1.001548	0.182451	
311	1.002889	0.000896	-2.641759	-0.000896	1.002889	-0.209153	
312	1.002240	0.000957	-0.991180	-0.000957	1.002240	0.899527	
313	1.001337	0.001051	0.056220	-0.001051	1.001337	1.086467	
314	1.002275	0.000801	-1.680528	-0.000801	1.002275	0.433972	
315	1.001345	0.000839	-1.783601	-0.000839	1.001345	1.458309	
316	1.001400	0.000646	-1.946092	-0.000646	1.001400	1.562712	
317	1.002126	0.000739	-0.993849	-0.000739	1.002126	0.865537	
318	1.001796	0.000864	-1.382963	-0.000864	1.001796	0.600760	
319	1.001829	0.000497	-1.911739	-0.000497	1.001829	0.340114	
320	1.002407	0.000662	-2.137018	-0.000662	1.002407	0.363151	
321	1.002185	0.000863	-1.097181	-0.000863	1.002185	0.602312	
322	1.002435	0.000364	-2.146564	-0.000364	1.002435	0.362189	
323	1.002473	0.000544	-2.524897	-0.000544	1.002473	0.393958	
324	1.001914	0.000827	-1.622695	-0.000827	1.001914	0.577402	
325	1.002033	0.000984	-1.168587	-0.000984	1.002033	1.218162	
326	1.001777	0.001262	-1.694743	-0.001262	1.001777	1.176091	
327	1.001784	0.000986	-1.592316	-0.000986	1.001784	0.750922	
328	1.001678	0.000887	-1.618113	-0.000887	1.001678	0.284478	
329	1.001241	0.000440	-1.992423	-0.000440	1.001241	0.756327	
330	1.001477	0.000940	-0.846489	-0.000940	1.001477	1.357430	
331	1.001661	0.000437	0.226496	-0.000437	1.001661	0.998596	
332	1.002071	0.000420	-2.631456	-0.000420	1.002071	0.397113	
333	1.002298	0.000330	-2.498645	-0.000330	1.002298	0.091817	
334	1.002249	0.000487	-1.833190	-0.000487	1.002249	1.137239	
335	1.001343	0.000497	-0.475829	-0.000497	1.001343	0.513985	
336	1.003020	0.000799	-2.866003	-0.000799	1.003020	0.295603	
337	1.001627	0.000177	-1.019144	-0.000177	1.001627	0.089284	
338	1.001552	0.000306	-1.516303	-0.000306	1.001552	0.705066	
339	1.001938	0.000487	-0.846324	-0.000487	1.001938	0.474622	
340	1.001448	0.000631	-0.091605	-0.000631	1.001448	0.390944	
341	1.001936	0.000331	-1.731334	-0.000331	1.001936	0.089886	
342	1.001214	0.000682	-1.000311	-0.000682	1.001214	1.081190	
343	1.001676	0.000876	-1.796929	-0.000876	1.001676	1.003482	
344	1.001727	0.001027	-1.834548	-0.001027	1.001727	1.834008	
345	1.001667	0.000675	-1.027590	-0.000675	1.001667	0.528593	
346	1.001949	-0.000278	-2.167667	0.000278	1.001949	0.048568	
347	1.001337	0.000886	-1.620061	-0.000886	1.001337	1.421042	
348	1.001230	0.000553	-0.003978	-0.000553	1.001230	0.483688	
349	1.002097	0.000717	-0.864747	-0.000717	1.002097	0.046609	
350	1.001247	0.000256	-1.353821	-0.000256	1.001247	0.613177	
351	1.001233	0.000402	-1.156975	-0.000402	1.001233	1.209474	
352	1.001120	0.000558	-0.378519	-0.000558	1.001120	1.184816	
353	1.002062	0.000917	-0.718787	-0.000917	1.002062	0.585732	
354	1.001605	0.000594	-0.922727	-0.000594	1.001605	0.249478	
355	1.002490	0.001068	-2.707736	-0.001068	1.002490	0.897273	
356	1.000966	0.000731	-1.637258	-0.000731	1.000966	1.411247	
357	1.002080	0.001158	-1.971773	-0.001158	1.002080	0.628089	
358	1.000868	0.000766	0.507359	-0.000766	1.000868	0.708368	
359	1.001885	0.000499	-1.571332	-0.000499	1.001885	0.125946	
360	1.000865	0.000686	-0.278955	-0.000686	1.000865	1.387475	
361	1.001046	0.000303	0.397743	-0.000303	1.001046	0.058262	
362	1.000442	0.000094	0.097169	-0.000094	1.000442	0.787325	
363	1.001593	0.000526	-2.186306	-0.000526	1.001593	0.630125	
364	1.001570	0.000709	0.681845	-0.000709	1.001570	0.727877	
365	1.001598	0.000109	-0.695528	-0.000109	1.001598	-0.174320	
366	1.000837	0.000234	-0.100982	-0.000234	1.000837	1.145658	
367	1.001630	0.000222	-1.476507	-0.000222	1.001630	0.322193	
368	1.001000	0.000455	-0.352607	-0.000455	1.001000	1.249141	
369	1.001378	0.000317	-0.243495	-0.000317	1.001378	0.213984	
370	1.000979	0.000539	-1.135049	-0.000539	1.000979	0.542761	
371	1.002344	0.001216	-2.456918	-0.001216	1.002344	0.659046	
372	1.001062	0.000857	-1.279538	-0.000857	1.001062	0.451367	
373	1.002189	0.001086	-2.366609	-0.001086	1.002189	0.386887	
374	1.001432	0.000652	-1.167281	-0.000652	1.001432	0.635021	
375	1.001938	0.000535	-2.223677	-0.000535	1.001938	0.008042	
376	1.001104	0.000521	-1.205916	-0.000521	1.001104	0.905950	
377	1.000869	0.000291	-0.102106	-0.000291	1.000869	-0.180122	
378	1.000711	0.000459	-0.350871	-0.000459	1.000711	0.525192	
379	1.002308	0.000478	-1.676195	-0.000478	1.002308	-1.070738	
380	1.001630	0.000440	-1.714087	-0.000440	1.001630	0.484944	
381	1.001838	0.000535	-0.949241	-0.000535	1.001838	-0.282270	
382	1.000890	-0.000052	-0.826926	0.000052	1.000890	0.160647	
383	1.001527	0.000596	-0.610533	-0.000596	1.001527	0.137484	
384	1.001115	0.000211	-0.512176	-0.000211	1.001115	0.198065	
385	1.001591	0.000337	-1.388039	-0.000337	1.001591	0.073467	
386	1.001278	-0.000115	-1.356265	0.000115	1.001278	0.411446	
387	1.000889	0.000462	-1.521684	-0.000462	1.000889	0.999544	
388	1.000700	0.000177	0.188074	-0.000177	1.000700	-0.501004	
389	1.000753	-0.000171	-0.035221	0.000171	1.000753	-0.469613	
390	1.000635	0.000029	-0.067700	-0.000029	1.000635	0.154184	
391	1.001024	-0.000036	-1.093270	0.000036	1.001024	-0.525949	
392	1.000261	-0.000174	-0.100554	0.000174	1.000261	-0.521935	
393	1.001018	-0.000171	-0.279907	0.000171	1.001018	-0.271466	
394	1.000336	0.000010	0.085758	-0.000010	1.000336	-0.038469	
395	1.001153	0.000303	-1.385110	-0.000303	1.001153	-0.295013	
396	1.000368	-0.000104	-0.461212	0.000104	1.000368	0.016162	
397	1.001489	0.000252	-1.993315	-0.000252	1.001489	-0.542286	
398	1.000416	0.000352	0.536812	-0.000352	1.000416	0.973799	
399	1.001385	-0.000004	-1.016347	0.000004	1.001385	-0.233224	
400	1.000915	0.000461	-2.811995	-0.000461	1.000915	1.432959	
401	1.001905	0.000560	-2.246469	-0.000560	1.001905	0.604329	
402	1.000878	0.000392	0.221048	-0.000392	1.000878	0.144876	
403	1.002576	0.000970	-3.055309	-0.000970	1.002576	-0.403780	
404	1.001129	0.000305	-1.702476	-0.000305	1.001129	0.013936	
405	1.001704	0.000438	-1.470905	-0.000438	1.001704	0.985825	
406	1.001205	0.000362	-1.061503	-0.000362	1.001205	0.592164	
407	1.001126	0.000319	-1.132971	-0.000319	1.001126	0.232826	
408	1.000592	0.000128	0.058065	-0.000128	1.000592	-0.022707	
409	1.001492	-0.000381	-1.380687	0.000381	1.001492	-0.488479	
410	1.000576	0.000051	-0.039310	-0.000051	1.000576	-0.162397	
411	1.001683	-0.000072	-1.663197	0.000072	1.001683	-0.507702	
412	1.001142	0.000162	-2.180072	-0.000162	1.001142	1.212675	
413	1.002819	0.000312	-2.044979	-0.000312	1.002819	0.096200	
414	1.000919	0.000149	-0.200757	-0.000149	1.000919	0.455307	
415	1.001745	0.000068	-2.204020	-0.000068	1.001745	1.080737	
416	1.001141	0.000426	-1.624975	-0.000426	1.001141	1.190245	
417	1.001692	0.000791	-0.417300	-0.000791	1.001692	-0.483288	
418	1.001272	0.000339	-0.784920	-0.000339	1.001272	0.505353	
419	1.001415	0.000314	-1.355194	-0.000314	1.001415	0.501939	
420	1.000963	0.000610	-0.739282	-0.000610	1.000963	0.509017	
421	1.001383	0.000315	-0.089561	-0.000315	1.001383	0.064326	
422	1.001003	0.000078	-0.522505	-0.000078	1.001003	-0.192863	
423	1.001572	0.000035	-2.064339	-0.000035	1.001572	-0.274933	
424	1.001159	0.000207	-1.363475	-0.000207	1.001159	0.706760	
425	1.001376	-0.000024	-1.231370	0.000024	1.001376	-0.131995	
426	1.001267	0.000159	-0.682473	-0.000159	1.001267	0.436531	
427	1.001334	0.000615	-0.977555	-0.000615	1.001334	0.480854	
428	1.001717	0.000271	-1.845742	-0.000271	1.001717	0.351034	
429	1.001426	0.000421	-1.093772	-0.000421	1.001426	0.492016	
430	1.001967	0.000523	-2.537154	-0.000523	1.001967	-0.153484	
431	1.000902	0.000560	-1.034900	-0.000560	1.000902	0.837290	
432	1.001555	0.000776	-1.249246	-0.000776	1.001555	0.004053	
433	1.001156	0.000126	-1.268693	-0.000126	1.001156	-0.183152	
434	1.001584	0.000309	-2.418830	-0.000309	1.001584	-0.355611	
435	1.001077	0.000308	-1.328740	-0.000308	1.001077	-0.182429	
436	1.000680	0.000071	-0.253897	-0.000071	1.000680	0.070012	
437	1.001091	0.000132	-0.610007	-0.000132	1.001091	-0.808356	
438	1.001098	-0.000191	-1.059049	0.000191	1.001098	-0.651133	
439	1.000988	0.000257	-0.802171	-0.000257	1.000988	-0.353588	
440	1.001038	-0.000102	0.096144	0.000102	1.001038	-0.452196	
441	1.001407	0.000100	-1.035173	-0.000100	1.001407	-0.361775	
442	1.001204	-0.000058	-0.838008	0.000058	1.001204	-1.040783	
443	1.001474	0.000229	-1.402418	-0.000229	1.001474	-0.754356	
444	1.001348	0.000196	-1.562423	-0.000196	1.001348	0.026840	
445	1.001469	0.000242	-1.580649	-0.000242	1.001469	-0.312101	
446	1.000787	0.000216	-1.029852	-0.000216	1.000787	-0.823056	
447	1.001544	0.000296	-0.989813	-0.000296	1.001544	-0.312942	
448	1.001035	0.000167	-1.680663	-0.000167	1.001035	-0.574045	
449	1.001337	0.000297	-1.121875	-0.000297	1.001337	0.013600	
450	1.000727	-0.000348	0.130289	0.000348	1.000727	-0.117189	
451	1.001118	-0.000035	-1.485892	0.000035	1.001118	-0.361184	
452	1.000731	-0.000273	0.379346	0.000273	1.000731	-0.533310	
453	1.001399	-0.000274	-0.896036	0.000274	1.001399	-1.120719	
454	1.000866	0.000005	-0.634795	-0.000005	1.000866	-0.265984	
455	1.001101	-0.000469	-1.392591	0.000469	1.001101	-1.192306	
456	1.001081	0.000010	-1.400295	-0.000010	1.001081	0.041922	
457	1.001465	-0.000049	-0.142009	0.000049	1.001465	-1.170281	
458	1.000828	-0.000468	-0.757729	0.000468	1.000828	-0.756621	
459	1.001712	0.000075	-2.282759	-0.000075	1.001712	-0.022739	
460	1.000792	0.000188	-1.033325	-0.000188	1.000792	0.189092	
461	1.001599	0.000125	-0.488340	-0.000125	1.001599	-0.506304	
462	1.001074	0.000481	-0.822049	-0.000481	1.001074	0.172973	
463	1.001989	0.000150	-1.604419	-0.000150	1.001989	-1.427105	
464	1.000598	-0.000027	-0.875269	0.000027	1.000598	0.040575	
465	1.002128	0.000715	-1.738675	-0.000715	1.002128	0.966855	
466	1.000606	-0.000797	0.012153	0.000797	1.000606	-1.240086	
467	1.001415	0.000012	-0.704454	-0.000012	1.001415	-0.197555	
468	1.000815	-0.000224	-1.296750	0.000224	1.000815	-0.064039	
469	1.001032	-0.000620	-0.646643	0.000620	1.001032	-1.063183	
470	1.001054	-0.000304	-0.494926	0.000304	1.001054	-0.524158	
471	1.001472	-0.000258	-1.381153	0.000258	1.001472	-0.357788	
472	1.001463	0.000211	-1.599900	-0.000211	1.001463	0.231101	
473	1.001334	0.000465	-1.604050	-0.000465	1.001334	0.572955	
474	1.001237	0.000453	-0.226306	-0.000453	1.001237	0.575476	
475	1.001841	0.000637	-1.343839	-0.000637	1.001841	0.267311	
476	1.000726	0.000519	-0.190283	-0.000519	1.000726	-0.260843	
477	1.002001	0.000601	-2.552785	-0.000601	1.002001	-0.148679	
478	1.000775	0.000316	-1.406741	-0.000316	1.000775	0.296142	
479	1.001113	0.000381	-1.171217	-0.000381	1.001113	0.374161	
480	1.001397	0.000229	-1.708435	-0.000229	1.001397	0.022236	
481	1.001874	0.000361	-1.848802	-0.000361	1.001874	0.559309	
482	1.000856	0.000135	-0.511836	-0.000135	1.000856	-0.000673	
483	1.001918	-0.000037	-2.369469	0.000037	1.001918	-0.407980	
484	1.000977	0.000483	-1.652406	-0.000483	1.000977	0.643242	
485	1.001440	0.000252	-0.425195	-0.000252	1.001440	-0.072732	
486	1.000991	0.000407	-0.544819	-0.000407	1.000991	-0.077878	
487	1.001941	0.000578	-1.458228	-0.000578	1.001941	-0.623212	
488	1.000848	0.000407	-1.026277	-0.000407	1.000848	0.327036	
489	1.001728	0.000605	-1.123256	-0.000605	1.001728	-0.539231	
490	1.001065	-0.000253	-1.806618	0.000253	1.001065	-0.345034	
491	1.002432	0.000715	-3.212307	-0.000715	1.002432	1.518822	
492	1.001378	0.000713	-0.452779	-0.000713	1.001378	0.539881	
493	1.001928	-0.000116	-1.514988	0.000116	1.001928	-2.342506	
494	1.001115	0.000171	-1.212289	-0.000171	1.001115	0.312904	
495	1.001779	-0.000032	-1.332316	0.000032	1.001779	-1.203216	
496	1.001028	-0.000175	-0.148147	0.000175	1.001028	-0.390230	
497	1.001524	-0.000274	0.041537	0.000274	1.001524	-0.587173	
498	1.001592	-0.000181	-0.182660	0.000181	1.001592	-0.779619	
499	1.001434	-0.000205	0.607226	0.000205	1.001434	-1.481228	
500	1.001788	-0.000566	-0.091984	0.000566	1.001788	-2.033404	
501	1.001116	-0.000177	-0.011517	0.000177	1.001116	-0.536701	
502	1.001263	0.000326	0.488039	-0.000326	1.001263	-0.182025	
503	1.001324	-0.000453	-0.383169	0.000453	1.001324	-1.360438	
504	1.000843	-0.000351	-0.531312	0.000351	1.000843	-0.723530	
505	1.001040	0.000070	-0.073396	-0.000070	1.001040	0.495463	
506	1.001367	-0.000318	1.091093	0.000318	1.001367	-1.169496	
507	1.001319	-0.000244	-1.060594	0.000244	1.001319	-0.250079	
508	1.001211	0.000139	-1.370299	-0.000139	1.001211	-0.703467	
509	1.001456	-0.000222	-0.034955	0.000222	1.001456	-1.305693	
510	1.000974	-0.000420	-0.442144	0.000420	1.000974	-1.006498	
511	1.001523	-0.000272	-0.837869	0.000272	1.001523	-1.140234	
512	1.000829	-0.000456	0.165317	0.000456	1.000829	-0.423265	
513	1.001436	-0.000596	1.035880	0.000596	1.001436	-1.589815	
514	1.000586	-0.000551	0.467719	0.000551	1.000586	-0.585522	
515	1.001056	-0.000525	-1.206089	0.000525	1.001056	-0.782995	
516	1.000490	0.000175	0.511631	-0.000175	1.000490	0.158293	
517	1.001281	-0.000060	-0.591606	0.000060	1.001281	-1.205425	
518	1.000630	0.000175	-0.210938	-0.000175	1.000630	-1.002584	
519	1.001666	0.000183	-1.406970	-0.000183	1.001666	-0.450964	
520	1.001174	-0.000142	-0.895420	0.000142	1.001174	-0.726832	
521	1.001533	-0.000190	-1.780391	0.000190	1.001533	-0.621146	
522	1.001028	-0.000339	-0.795692	0.000339	1.001028	-0.756634	
523	1.001105	-0.000137	-1.301327	0.000137	1.001105	-0.208798	
524	1.001354	-0.000271	-0.456900	0.000271	1.001354	-2.129500	
525	1.001024	-0.000746	0.726761	0.000746	1.001024	-1.423844	
526	1.001239	-0.000421	0.308052	0.000421	1.001239	-0.925243	
527	1.001187	-0.000781	-0.591065	0.000781	1.001187	-1.664600	
528	1.000565	-0.000750	-0.307422	0.000750	1.000565	-0.743844	
529	1.001202	-0.000681	-0.392067	0.000681	1.001202	-1.501129	
530	1.000282	-0.000618	0.572753	0.000618	1.000282	-1.905801	
531	1.001068	-0.000569	-0.180689	0.000569	1.001068	-1.314036	
532	1.000302	-0.000563	0.302196	0.000563	1.000302	-1.347033	
533	1.000988	-0.000483	-0.847529	0.000483	1.000988	-1.190729	
534	1.000473	-0.000498	-0.451409	0.000498	1.000473	-1.091147	
535	1.001462	-0.000585	-0.290561	0.000585	1.001462	-1.866254	
536	1.000478	-0.000609	-0.211857	0.000609	1.000478	-1.055798	
537	1.001033	-0.000702	-1.530639	0.000702	1.001033	-0.565623	
538	1.000524	-0.000643	-1.260197	0.000643	1.000524	-0.163949	
539	1.000986	-0.000206	-0.498981	0.000206	1.000986	-0.473272	
540	1.000476	-0.000275	-0.438132	0.000275	1.000476	-0.649382	
541	1.001026	-0.000369	-0.783668	0.000369	1.001026	-1.645042	
542	1.000071	-0.000199	0.694977	0.000199	1.000071	-0.989740	
543	1.000511	-0.000709	0.652397	0.000709	1.000511	-0.495569	
544	1.000027	-0.000280	0.080578	0.000280	1.000027	-0.872518	
545	1.000826	-0.000456	-0.903107	0.000456	1.000826	-1.700393	
546	0.999943	-0.000523	1.075627	0.000523	0.999943	-0.716687	
547	1.000771	-0.000083	-0.583764	0.000083	1.000771	-0.703610	
548	1.000752	-0.000213	-0.478057	0.000213	1.000752	-1.916866	
549	1.000747	-0.000610	-0.202957	0.000610	1.000747	-0.611126	
550	1.000648	-0.000046	-0.581585	0.000046	1.000648	0.150857	
551	1.000921	-0.000578	-0.645981	0.000578	1.000921	-0.567709	
552	1.000828	-0.000197	0.201797	0.000197	1.000828	0.063839	
553	1.001530	-0.000373	-1.137779	0.000373	1.001530	-0.946127	
554	1.000496	-0.000122	-1.384967	0.000122	1.000496	-1.000031	
555	1.001257	-0.000159	-1.653542	0.000159	1.001257	-1.425049	
556	1.000196	-0.000210	0.375476	0.000210	1.000196	-0.751664	
557	1.000927	-0.000445	-0.138204	0.000445	1.000927	-1.456385	
558	0.999593	-0.000686	0.060109	0.000686	0.999593	-1.737693	
559	1.000319	-0.000666	-0.233574	0.000666	1.000319	-1.127530	
560	0.999968	-0.000843	0.004094	0.000843	0.999968	-1.072548	
561	1.000557	-0.000701	-1.078919	0.000701	1.000557	-2.060058	
562	0.999718	-0.001093	-0.088288	0.001093	0.999718	-2.036074	
563	1.000725	-0.000454	-0.308042	0.000454	1.000725	-0.998767	
564	1.000240	-0.000545	0.627997	0.000545	1.000240	-2.208556	
565	1.000781	-0.001368	-0.472088	0.001368	1.000781	-2.148338	
566	0.999944	-0.000506	-1.204398	0.000506	0.999944	0.198247	
567	1.000744	-0.001330	-1.477008	0.001330	1.000744	-0.963966	
568	0.999787	-0.000248	0.091649	0.000248	0.999787	1.303435	
569	1.000251	-0.000158	-0.199319	0.000158	1.000251	0.139504	
570	0.999808	-0.000460	0.729738	0.000460	0.999808	-2.415522	
571	1.000612	-0.000934	-1.854270	0.000934	1.000612	-1.501920	
572	0.999013	-0.001295	-0.565471	0.001295	0.999013	2.116936	
573	1.000653	-0.000341	-0.592028	0.000341	1.000653	-0.477063	
574	0.999388	0.000635	1.691121	-0.000635	0.999388	0.890570	
575	1.001271	0.000594	0.780010	-0.000594	1.001271	-1.235846	
576	1.000118	-0.001173	4.014214	0.001173	1.000118	-2.860932	
577	1.000593	0.000110	0.625496	-0.000110	1.000593	-1.199096	
578	1.000737	0.000499	1.728995	-0.000499	1.000737	-0.750582	
579	1.001213	0.000355	-0.306899	-0.000355	1.001213	0.497802	
580	0.999625	-0.001312	1.149332	0.001312	0.999625	-0.239643	
581	1.000978	-0.000190	0.979274	0.000190	1.000978	0.112152	
582	0.999992	-0.000043	2.626619	0.000043	0.999992	1.167427	
583	1.001225	-0.000089	1.684772	0.000089	1.001225	0.559450	
584	1.000773	0.000364	1.423278	-0.000364	1.000773	0.929970	
