0	1.000000	0.000000	0.000000	0.000000	1.000000	0.000000	
1	1.005306	-0.001257	-5.306439	0.001257	1.005306	-3.364403	
2	1.007275	0.001094	-7.401508	-0.001094	1.007275	-3.444657	
3	1.005672	-0.002696	-5.175357	0.002696	1.005672	-3.822257	
4	1.007140	0.001280	-8.365837	-0.001280	1.007140	-2.931509	
5	1.005990	-0.002637	-4.473216	0.002637	1.005990	-5.289266	
6	1.007481	0.001792	-9.702867	-0.001792	1.007481	-0.753177	
7	1.008206	-0.001143	-7.405728	0.001143	1.008206	-5.644821	
8	1.005020	0.000920	-6.267247	-0.000920	1.005020	0.226161	
9	1.005751	-0.001796	-3.867396	0.001796	1.005751	-7.273327	
10	1.005128	0.004907	-8.448058	-0.004907	1.005128	2.323281	
11	1.007676	-0.005155	-4.966238	0.005155	1.007676	-7.319993	
12	1.005749	0.005300	-9.381170	-0.005300	1.005749	1.778909	
13	1.005934	-0.006011	-1.383664	0.006011	1.005934	-8.441875	
14	1.005311	0.009797	-11.712074	-0.009797	1.005311	4.701521	
15	1.005431	-0.009990	1.348411	0.009990	1.005431	-10.511527	
16	1.005078	0.016886	-16.177343	-0.016886	1.005078	14.662200	
17	1.005646	-0.014193	4.021822	0.014193	1.005646	-15.605088	
18	1.005953	0.006203	-10.685429	-0.006203	1.005953	4.110798	
19	1.005964	0.004340	-7.943356	-0.004340	1.005964	1.910245	
20	1.006786	-0.012412	1.087918	0.012412	1.006786	-14.753127	
21	1.006557	0.007523	-12.524307	-0.007523	1.006557	6.124521	
22	1.005500	-0.005221	-1.694281	0.005221	1.005500	-7.536281	
23	1.005437	-0.000081	-5.715422	0.000081	1.005437	-2.247767	
24	1.005511	-0.002975	-3.916499	0.002975	1.005511	-5.561743	
25	1.004996	0.000595	-5.320758	-0.000595	1.004996	-0.280847	
26	1.005422	-0.002773	-3.803942	0.002773	1.005422	-4.779379	
27	1.005055	-0.001024	-4.407812	0.001024	1.005055	-2.026652	
28	1.006405	-0.000826	-6.445648	0.000826	1.006405	-4.494567	
29	1.005877	-0.001845	-5.760113	0.001845	1.005877	4.398137	
30	1.005419	0.003190	-6.842923	-0.003190	1.005419	-6.240464	
31	1.004600	-0.004157	-1.911753	0.004157	1.004600	0.739591	
32	1.005586	0.006274	-10.004060	-0.006274	1.005586	3.704412	
33	1.005954	-0.007763	-0.800659	0.007763	1.005954	-9.947665	
34	1.005394	0.011023	-12.917514	-0.011023	1.005394	8.422791	
35	1.005557	-0.010185	1.273383	0.010185	1.005557	-10.747826	
36	1.006022	0.008486	-12.301909	-0.008486	1.006022	3.984833	
37	1.005514	-0.003137	-3.297384	0.003137	1.005514	-4.532067	
38	1.006381	0.000299	-6.964814	-0.000299	1.006381	-1.933772	
39	1.005615	-0.001599	-5.251528	0.001599	1.005615	-5.447170	
40	1.005965	0.000366	-6.922796	-0.000366	1.005965	-1.572501	
41	1.005444	0.001757	-7.099484	-0.001757	1.005444	0.190439	
42	1.006823	-0.004329	-3.954019	0.004329	1.006823	-7.783593	
43	1.005240	0.003209	-8.405942	-0.003209	1.005240	0.260819	
44	1.005937	-0.002395	-4.543267	0.002395	1.005937	-3.958468	
45	1.005718	-0.000440	-5.688484	0.000440	1.005718	-2.244802	
46	1.007438	0.000430	-8.630538	-0.000430	1.007438	-2.906551	
47	1.005759	-0.001202	-5.318414	0.001202	1.005759	-3.459431	
48	1.005940	0.000000	-6.470851	-0.000000	1.005940	-1.564713	
49	1.005909	0.000469	-7.103819	-0.000469	1.005909	-1.320487	
50	1.005605	-0.000614	-5.335850	0.000614	1.005605	-2.914407	
51	1.009145	0.001754	-12.086057	-0.001754	1.009145	-0.732462	
52	1.005402	-0.001877	-3.663744	0.001877	1.005402	-6.970432	
53	1.007845	0.006727	-14.003497	-0.006727	1.007845	3.952430	
54	1.006617	-0.011138	0.304781	0.011138	1.006617	-12.103489	
55	1.009253	0.013112	-19.501527	-0.013112	1.009253	9.099314	
56	1.009897	-0.010437	-4.589782	0.010437	1.009897	-14.168886	
57	1.006732	0.007907	-13.386259	-0.007907	1.006732	5.997330	
58	1.006853	-0.009858	-1.373273	0.009858	1.006853	-11.897443	
59	1.005247	0.005302	-10.213318	-0.005302	1.005247	3.362877	
60	1.005755	-0.002307	-5.105399	0.002307	1.005755	-4.291807	
61	1.007842	-0.000648	-8.560077	0.000648	1.007842	-4.611360	
62	1.005506	-0.002501	-5.274904	0.002501	1.005506	-3.739372	
63	1.005678	-0.000588	-6.499799	0.000588	1.005678	-3.171588	
64	1.004731	-0.002119	-4.717078	0.002119	1.004731	-4.916550	
65	1.005843	-0.005089	-3.276578	0.005089	1.005843	-8.386125	
66	1.004740	0.001053	-7.673650	-0.001053	1.004740	-0.094235	
67	1.005464	-0.002992	-4.827888	0.002992	1.005464	-7.118795	
68	1.005242	-0.000582	-6.120290	0.000582	1.005242	-3.582708	
69	1.004460	0.001650	-6.260540	-0.001650	1.004460	-1.024080	
70	1.006103	-0.001494	-6.680377	0.001494	1.006103	-5.252882	
71	1.004779	0.003207	-8.157705	-0.003207	1.004779	0.810341	
72	1.006565	-0.001381	-7.125066	0.001381	1.006565	-4.653247	
73	1.004445	-0.000191	-5.010424	0.000191	1.004445	-3.552017	
74	1.005127	0.007783	-11.784586	-0.007783	1.005127	6.359256	
75	1.005307	-0.008895	-0.194541	0.008895	1.005307	-9.827333	
76	1.005293	0.017701	-18.045578	-0.017701	1.005293	12.610879	
77	1.004327	-0.017484	5.262150	0.017484	1.004327	-19.674349	
78	1.004523	0.011932	-13.876443	-0.011932	1.004523	9.390644	
79	1.004490	-0.001107	-4.256711	0.001107	1.004490	-2.725464	
80	1.005044	-0.006616	-2.249406	0.006616	1.005044	-10.972899	
81	1.004372	0.006161	-10.617119	-0.006161	1.004372	4.610496	
82	1.006046	-0.004997	-4.138133	0.004997	1.006046	-7.851425	
83	1.004484	0.005124	-9.886197	-0.005124	1.004484	1.293577	
84	1.004716	-0.010573	0.504246	0.010573	1.004716	-12.828934	
85	1.004849	0.008707	-13.214913	-0.008707	1.004849	6.263233	
86	1.004985	-0.008028	-0.926644	0.008028	1.004985	-11.550173	
87	1.004062	-0.000534	-5.527404	0.000534	1.004062	-2.195211	
88	1.005362	-0.002132	-6.075895	0.002132	1.005362	-6.211553	
89	1.004962	-0.000812	-6.491111	0.000812	1.004962	-3.439634	
90	1.004969	0.002090	-8.035937	-0.002090	1.004969	0.400283	
91	1.005056	-0.004800	-2.838921	0.004800	1.005056	-6.722039	
92	1.005115	0.005004	-10.924127	-0.005004	1.005115	2.733528	
93	1.005337	-0.003165	-3.861086	0.003165	1.005337	-5.687368	
94	1.004876	0.003533	-9.533086	-0.003533	1.004876	1.037899	
95	1.004839	-0.000825	-5.732801	0.000825	1.004839	-2.756042	
96	1.005009	0.002224	-7.976661	-0.002224	1.005009	0.137176	
97	1.005257	-0.000737	-6.780293	0.000737	1.005257	-3.720698	
98	1.004830	0.000458	-7.280628	-0.000458	1.004830	-1.317980	
99	1.004834	0.000648	-7.130017	-0.000648	1.004834	0.300355	
100	1.004933	-0.000564	-6.482260	0.000564	1.004933	-4.370752	
101	1.004647	-0.000245	-6.477425	0.000245	1.004647	-1.231690	
102	1.005353	-0.000537	-7.267991	0.000537	1.005353	-2.503982	
103	1.004982	0.000083	-7.047588	-0.000083	1.004982	-2.267736	
104	1.005575	-0.001672	-7.016188	0.001672	1.005575	-4.155973	
105	1.004705	0.000248	-6.745602	-0.000248	1.004705	-3.237073	
106	1.005182	-0.001728	-6.552790	0.001728	1.005182	-3.848617	
107	1.004774	0.000077	-6.989414	-0.000077	1.004774	-2.036581	
108	1.006122	0.001594	-9.355955	-0.001594	1.006122	-0.135098	
109	1.005162	-0.001297	-6.343807	0.001297	1.005162	-5.076434	
110	1.005756	-0.000329	-8.187543	0.000329	1.005756	-0.521733	
111	1.005691	-0.002107	-6.285767	0.002107	1.005691	-3.327483	
112	1.005782	0.003847	-11.360968	-0.003847	1.005782	2.421785	
113	1.005166	0.000729	-7.200900	-0.000729	1.005166	1.205834	
114	1.004564	-0.003698	-4.287848	0.003698	1.004564	-2.453760	
115	1.005963	0.006094	-12.031833	-0.006094	1.005963	6.662635	
116	1.006176	-0.005834	-4.719049	0.005834	1.006176	-7.118587	
117	1.005444	0.005611	-12.525534	-0.005611	1.005444	5.882945	
118	1.005368	-0.004650	-3.673117	0.004650	1.005368	-7.045043	
119	1.006240	0.003068	-10.976739	-0.003068	1.006240	0.918189	
120	1.005547	-0.003180	-5.968077	0.003180	1.005547	-5.480345	
121	1.004985	0.000936	-7.950861	-0.000936	1.004985	-0.594430	
122	1.005447	-0.001570	-6.919826	0.001570	1.005447	-4.247494	
123	1.005134	0.000546	-8.093148	-0.000546	1.005134	-1.034965	
124	1.007162	-0.000908	-9.502358	0.000908	1.007162	-3.216680	
125	1.006075	-0.001080	-7.765269	0.001080	1.006075	-3.053835	
126	1.006602	0.001000	-10.331985	-0.001000	1.006602	0.010800	
127	1.006825	-0.001872	-8.349836	0.001872	1.006825	-3.529331	
128	1.004646	-0.000127	-6.340826	0.000127	1.004646	2.683521	
129	1.004554	-0.004506	-3.617444	0.004506	1.004554	-9.484103	
130	1.006053	0.011639	-15.145290	-0.011639	1.006053	4.127744	
131	1.006337	-0.003517	-6.358693	0.003517	1.006337	-8.402518	
132	1.006715	-0.009282	-4.073899	0.009282	1.006715	-10.770554	
133	1.003795	0.009641	-12.407905	-0.009641	1.003795	8.179904	
134	1.007965	-0.011446	-2.666644	0.011446	1.007965	-14.025912	
135	1.007925	0.013106	-19.308014	-0.013106	1.007925	8.585540	
136	1.009012	-0.011378	-4.574435	0.011378	1.009012	-10.668549	
137	1.005025	0.005835	-10.296954	-0.005835	1.005025	-0.506465	
138	1.005690	-0.003307	-5.847423	0.003307	1.005690	-2.233661	
139	1.005466	0.003142	-9.647707	-0.003142	1.005466	-0.850376	
140	1.005715	-0.001738	-6.470644	0.001738	1.005715	-2.414509	
141	1.006168	0.000185	-8.037629	-0.000185	1.006168	-3.476851	
142	1.005397	0.000571	-7.310843	-0.000571	1.005397	-2.507571	
143	1.005127	-0.002151	-6.382879	0.002151	1.005127	-3.266544	
144	1.004954	0.001662	-7.442241	-0.001662	1.004954	-1.040222	
145	1.004831	-0.003014	-4.574857	0.003014	1.004831	-5.413691	
146	1.005860	0.002500	-9.643470	-0.002500	1.005860	-0.270668	
147	1.007277	-0.004601	-6.947140	0.004601	1.007277	-6.639871	
148	1.004882	0.004326	-9.936227	-0.004326	1.004882	2.041521	
149	1.004262	-0.003025	-2.935390	0.003025	1.004262	-5.894210	
150	1.004914	0.001614	-7.306906	-0.001614	1.004914	-1.034905	
151	1.003212	0.000417	-4.524051	-0.000417	1.003212	-1.221132	
152	1.005580	-0.000171	-7.543785	0.000171	1.005580	-1.444468	
153	1.007855	0.000809	-11.007814	-0.000809	1.007855	-3.319102	
154	1.005022	0.001609	-7.786764	-0.001609	1.005022	-1.350967	
155	1.005674	-0.001100	-7.183450	0.001100	1.005674	2.524524	
156	1.006035	0.001436	-7.381555	-0.001436	1.006035	-11.076923	
157	1.001541	-0.000357	-2.655900	0.000357	1.001541	21.680730	
158	1.005189	0.000817	-5.147022	-0.000817	1.005189	-20.877733	
159	1.000791	0.017086	-10.348590	-0.017086	1.000791	37.223161	
160	1.005410	-0.021547	6.619467	0.021547	1.005410	-30.471029	
161	1.000874	0.017487	-12.916009	-0.017487	1.000874	17.765174	
162	1.005342	0.020127	-15.412190	-0.020127	1.005342	20.299069	
163	1.002814	-0.025450	10.865175	0.025450	1.002814	-37.768863	
164	1.003913	0.007346	-9.197555	-0.007346	1.003913	4.341510	
165	1.005251	0.005960	-9.384069	-0.005960	1.005251	2.292594	
166	1.003545	-0.005351	0.284114	0.005351	1.003545	-10.723812	
167	1.003903	0.001206	-5.180668	-0.001206	1.003903	-0.966535	
168	1.003573	0.003792	-6.951592	-0.003792	1.003573	3.709851	
169	1.004356	-0.005795	-0.336525	0.005795	1.004356	-10.413325	
170	1.003103	-0.002088	-2.750724	0.002088	1.003103	-3.647662	
171	1.004009	-0.000610	-3.666571	0.000610	1.004009	-0.084206	
172	1.003448	-0.003928	-1.210540	0.003928	1.003448	-5.461955	
173	1.008329	0.001247	-11.858858	-0.001247	1.008329	0.747165	
174	1.004344	-0.004781	-1.727818	0.004781	1.004344	-5.966739	
175	1.005996	-0.000160	-6.275000	0.000160	1.005996	-1.944986	
176	1.009658	-0.003949	-8.814438	0.003949	1.009658	-6.279078	
177	1.003518	0.000498	-3.903724	-0.000498	1.003518	0.040530	
178	1.004199	-0.003684	-1.757861	0.003684	1.004199	-4.837514	
179	1.003534	0.000963	-4.607196	-0.000963	1.003534	0.149999	
180	1.004038	-0.001921	-2.911715	0.001921	1.004038	-2.261799	
181	1.003560	0.001214	-3.292695	-0.001214	1.003560	-0.526133	
182	1.004163	-0.000293	-3.719178	0.000293	1.004163	-1.727701	
183	1.003825	0.002348	-4.901345	-0.002348	1.003825	-0.156565	
184	1.003932	-0.000285	-3.321160	0.000285	1.003932	-1.711951	
185	1.003472	0.001562	-3.989389	-0.001562	1.003472	1.116247	
186	1.004439	0.001048	-4.666488	-0.001048	1.004439	-1.741362	
187	1.003236	0.002008	-4.332987	-0.002008	1.003236	0.392865	
188	1.004399	0.001124	-4.519966	-0.001124	1.004399	-0.500062	
189	1.003780	0.001509	-4.071122	-0.001509	1.003780	-1.077709	
190	1.004012	0.001649	-4.104258	-0.001649	1.004012	-0.263756	
191	1.004133	0.002286	-5.260312	-0.002286	1.004133	1.832142	
192	1.003904	0.007339	-8.011789	-0.007339	1.003904	4.405321	
193	1.004325	-0.001706	-2.464372	0.001706	1.004325	-0.267320	
194	1.003804	0.006441	-7.866161	-0.006441	1.003804	3.606079	
195	1.004216	0.004135	-6.141288	-0.004135	1.004216	5.130313	
196	1.004278	0.000039	-3.551186	-0.000039	1.004278	-3.402871	
197	1.003801	0.002778	-6.610542	-0.002778	1.003801	1.422062	
198	1.004124	0.002947	-6.479515	-0.002947	1.004124	2.197863	
199	1.004075	-0.006317	0.059027	0.006317	1.004075	-7.791693	
200	1.004125	-0.001005	-3.976687	0.001005	1.004125	-4.214428	
201	1.003435	-0.002768	-1.971550	0.002768	1.003435	-4.051790	
202	1.004459	-0.002424	-3.243842	0.002424	1.004459	-4.370671	
203	1.004066	-0.004064	-1.217330	0.004064	1.004066	-7.986083	
204	1.003932	-0.003690	-1.718577	0.003690	1.003932	-6.738174	
205	1.003989	-0.000330	-4.187538	0.000330	1.003989	-2.318756	
206	1.004307	-0.008039	0.971953	0.008039	1.004307	-13.147778	
207	1.003701	-0.001292	-3.232068	0.001292	1.003701	-3.249645	
208	1.004277	-0.000732	-3.063127	0.000732	1.004277	-3.807172	
209	1.003868	-0.010128	2.893650	0.010128	1.003868	-12.768477	
210	1.004171	0.007140	-9.006744	-0.007140	1.004171	3.854836	
211	1.003849	-0.006753	1.946726	0.006753	1.003849	-8.784037	
212	1.005185	0.006196	-9.478869	-0.006196	1.005185	1.250215	
213	1.003649	-0.002362	-0.302035	0.002362	1.003649	-4.834649	
214	1.004430	0.004106	-7.845817	-0.004106	1.004430	2.356463	
215	1.004066	-0.001596	-2.161122	0.001596	1.004066	-4.444229	
216	1.003540	0.003335	-5.943375	-0.003335	1.003540	2.194425	
217	1.004384	-0.000029	-3.639735	0.000029	1.004384	-2.196667	
218	1.003645	0.001261	-4.232555	-0.001261	1.003645	-0.748108	
219	1.004158	0.001597	-4.719560	-0.001597	1.004158	1.070332	
220	1.004039	0.000579	-4.168312	-0.000579	1.004039	-1.746924	
221	1.004171	0.001331	-4.347337	-0.001331	1.004171	1.126988	
222	1.003951	0.001339	-4.410491	-0.001339	1.003951	-0.853076	
223	1.004044	0.000303	-3.611747	-0.000303	1.004044	0.562838	
224	1.003904	0.001632	-4.626715	-0.001632	1.003904	-0.379741	
225	1.003756	-0.000945	-2.320760	0.000945	1.003756	-0.619612	
226	1.003884	0.001571	-4.370433	-0.001571	1.003884	-1.031700	
227	1.004262	-0.001003	-2.185026	0.001003	1.004262	-1.855638	
228	1.003640	0.001408	-4.121302	-0.001408	1.003640	-0.808003	
229	1.004479	-0.000381	-3.408605	0.000381	1.004479	-1.761660	
230	1.003978	0.000022	-3.292668	-0.000022	1.003978	-2.790712	
231	1.004201	0.000495	-3.510823	-0.000495	1.004201	-1.041730	
232	1.003735	-0.002091	-1.552811	0.002091	1.003735	-3.814943	
233	1.004511	0.001483	-4.175991	-0.001483	1.004511	-0.763089	
234	1.004021	-0.002039	-1.497854	0.002039	1.004021	-3.129020	
235	1.003957	0.000650	-3.394512	-0.000650	1.003957	-1.345303	
236	1.004808	-0.000584	-2.812729	0.000584	1.004808	-1.892274	
237	1.003898	-0.000453	-2.338297	0.000453	1.003898	-2.566647	
238	1.004243	-0.001038	-2.052990	0.001038	1.004243	-2.883791	
239	1.004252	0.000251	-2.535338	-0.000251	1.004252	-0.775833	
240	1.004675	-0.001045	-1.934480	0.001045	1.004675	-1.959609	
241	1.003913	0.000116	-1.977276	-0.000116	1.003913	-1.055705	
242	1.004615	-0.000999	-1.654766	0.000999	1.004615	-1.725733	
243	1.004128	0.000251	-1.640379	-0.000251	1.004128	-0.633936	
244	1.004495	-0.000288	-1.502004	0.000288	1.004495	-0.797875	
245	1.004540	0.000304	-1.425495	-0.000304	1.004540	-0.964281	
246	1.004329	-0.000073	-1.098362	0.000073	1.004329	-1.108758	
247	1.003294	0.000461	0.535163	-0.000461	1.003294	-0.095488	
248	1.004492	0.000697	-0.644320	-0.000697	1.004492	-0.598538	
249	1.004097	0.000555	0.257498	-0.000555	1.004097	-1.061486	
250	1.003664	0.001276	0.528492	-0.001276	1.003664	-0.556895	
251	1.004251	0.000208	0.679900	-0.000208	1.004251	-1.536574	
252	1.004945	0.001805	-0.653050	-0.001805	1.004945	-0.157932	
253	1.003582	0.000480	1.946684	-0.000480	1.003582	-1.166389	
254	1.004207	0.001060	1.332894	-0.001060	1.004207	-1.526616	
255	1.003763	0.000910	2.009013	-0.000910	1.003763	-0.357524	
256	1.003540	0.000151	3.182344	-0.000151	1.003540	-0.913787	
257	1.003462	0.001256	2.859824	-0.001256	1.003462	0.077433	
258	1.003164	0.000653	3.875173	-0.000653	1.003164	-0.883846	
259	1.003350	0.001263	4.520128	-0.001263	1.003350	-0.321692	
260	1.003402	0.001548	4.509763	-0.001548	1.003402	0.629436	
261	1.002345	0.000333	6.667236	-0.000333	1.002345	-0.373488	
262	1.002915	0.000058	6.903674	-0.000058	1.002915	-1.331489	
263	1.002922	0.002033	6.602701	-0.002033	1.002922	1.415807	
264	1.002593	-0.000076	8.242312	0.000076	1.002593	-0.675634	
265	1.002077	0.000442	9.012615	-0.000442	1.002077	-0.210052	
266	1.002838	0.001297	8.395955	-0.001297	1.002838	0.162344	
267	1.002605	0.001841	8.429102	-0.001841	1.002605	0.943199	
268	1.002040	-0.000422	10.646104	0.000422	1.002040	-1.313090	
269	1.002094	0.001786	9.848909	-0.001786	1.002094	1.130414	
270	1.002167	0.000320	11.178784	-0.000320	1.002167	-0.692460	
271	1.000893	0.001894	12.075810	-0.001894	1.000893	1.968874	
272	1.001828	0.000045	12.388997	-0.000045	1.001828	-0.373002	
273	1.001592	0.001344	12.700597	-0.001344	1.001592	0.402423	
274	1.001494	0.001425	13.389157	-0.001425	1.001494	1.075128	
275	1.000937	0.001137	14.204598	-0.001137	1.000937	1.138297	
276	1.000480	-0.000620	16.302747	0.000620	1.000480	-1.855522	
277	1.000136	0.002370	15.449898	-0.002370	1.000136	2.600952	
278	0.999228	0.000122	18.266694	-0.000122	0.999228	0.969028	
279	1.000457	0.000258	17.110908	-0.000258	1.000457	-0.828925	
280	1.001400	0.001403	15.723671	-0.001403	1.001400	1.031181	
281	1.000331	0.001318	17.275643	-0.001318	1.000331	2.215676	
282	1.001024	0.001313	16.847660	-0.001313	1.001024	-0.038092	
283	1.000510	0.001888	17.938010	-0.001888	1.000510	2.171685	
284	1.000097	0.001563	19.436353	-0.001563	1.000097	3.138063	
285	1.000465	0.003936	17.746963	-0.003936	1.000465	3.230108	
286	0.999813	0.001390	21.223362	-0.001390	0.999813	3.424254	
287	1.000546	0.003632	19.142418	-0.003632	1.000546	2.900473	
288	1.000542	0.001854	20.951364	-0.001854	1.000542	3.138152	
289	1.000444	0.004397	19.491816	-0.004397	1.000444	3.937628	
290	0.999980	0.001592	23.243366	-0.001592	0.999980	2.373716	
291	1.000763	0.003303	20.848231	-0.003303	1.000763	3.222146	
292	1.000696	0.001795	23.168887	-0.001795	1.000696	-0.163440	
293	1.000472	0.002102	23.219785	-0.002102	1.000472	3.063341	
294	1.001903	0.004984	20.545407	-0.004984	1.001903	4.971588	
295	1.000390	0.002819	23.878368	-0.002819	1.000390	2.005465	
296	1.000831	0.000643	25.385597	-0.000643	1.000831	1.127040	
297	1.000763	0.003188	23.866798	-0.003188	1.000763	2.870015	
298	1.000791	-0.000349	26.923473	0.000349	1.000791	-1.750546	
299	1.000571	0.003154	25.412526	-0.003154	1.000571	2.696226	
300	1.000822	-0.000019	27.704168	0.000019	1.000822	-0.037118	
301	1.000366	0.000297	30.429591	-0.000297	1.000366	-0.137381	
302	1.000111	0.001199	28.805080	-0.001199	1.000111	1.539248	
303	1.006090	-0.000310	28.240871	0.000310	1.006090	-3.296919	
304	1.000784	0.000532	29.823867	-0.000532	1.000784	0.402614	
305	1.000469	-0.000328	30.451364	0.000328	1.000469	-0.706311	
306	1.000997	0.001548	27.826425	-0.001548	1.000997	1.860126	
307	1.005801	-0.000988	28.195897	0.000988	1.005801	-2.129492	
308	1.003302	-0.000820	29.733293	0.000820	1.003302	-2.191463	
309	1.002836	0.001209	28.900736	-0.001209	1.002836	-0.109106	
310	1.002689	-0.000673	30.304917	0.000673	1.002689	-2.409076	
311	1.003679	0.001197	28.954281	-0.001197	1.003679	0.603098	
312	1.001287	0.000509	30.156465	-0.000509	1.001287	-0.882156	
313	1.002538	-0.002793	32.751099	0.002793	1.002538	-5.383222	
314	1.003157	0.004341	27.973931	-0.004341	1.003157	1.621002	
315	1.002954	-0.001350	31.089960	0.001350	1.002954	-2.595316	
316	1.004613	0.004839	27.239231	-0.004839	1.004613	1.364829	
317	1.004457	-0.002417	32.048285	0.002417	1.004457	-3.787478	
318	1.004263	0.007822	24.676584	-0.007822	1.004263	4.599139	
319	1.004093	-0.001202	32.697720	0.001202	1.004093	-1.733984	
320	1.006497	0.003026	27.707006	-0.003026	1.006497	0.392683	
321	1.005331	0.001690	29.116352	-0.001690	1.005331	0.089184	
322	1.006533	0.003260	27.812067	-0.003260	1.006533	1.818449	
323	1.005241	-0.000048	30.654733	0.000048	1.005241	-1.405004	
324	1.006985	0.003885	26.784998	-0.003885	1.006985	1.308492	
325	1.007622	0.001113	29.504880	-0.001113	1.007622	-1.899243	
326	1.005945	0.002291	28.148518	-0.002291	1.005945	-0.561943	
327	1.005964	0.002125	29.159505	-0.002125	1.005964	-0.053261	
328	1.006569	0.002706	27.812185	-0.002706	1.006569	0.599852	
329	1.003524	0.001081	31.042422	-0.001081	1.003524	-1.027753	
330	1.004591	0.002120	29.490405	-0.002120	1.004591	0.369139	
331	1.004519	0.001842	30.097455	-0.001842	1.004519	-1.032080	
332	1.004931	0.001426	29.610306	-0.001426	1.004931	-1.231581	
333	1.005879	-0.000970	30.948434	0.000970	1.005879	-3.797077	
334	1.006129	0.002074	27.748200	-0.002074	1.006129	-1.294505	
335	1.005904	0.000476	29.766593	-0.000476	1.005904	-2.731310	
336	1.005966	0.000366	28.705507	-0.000366	1.005966	-3.411378	
337	1.006960	0.000805	28.532121	-0.000805	1.006960	-1.889086	
338	1.007080	0.001528	27.484905	-0.001528	1.007080	-3.905110	
339	1.007377	-0.002998	31.048137	0.002998	1.007377	-5.550255	
340	1.008180	0.000526	26.440386	-0.000526	1.008180	-3.901911	
341	1.007538	-0.000059	28.641159	0.000059	1.007538	-3.290366	
342	1.008806	-0.004239	30.806125	0.004239	1.008806	-8.914744	
343	1.007331	0.000966	27.886027	-0.000966	1.007331	-2.028725	
344	1.004297	-0.000149	28.069060	0.000149	1.004297	-2.169060	
345	1.007718	-0.000039	27.319153	0.000039	1.007718	-3.358320	
346	1.003600	0.002242	26.963735	-0.002242	1.003600	0.182403	
347	1.007522	0.000353	27.160860	-0.000353	1.007522	-2.150706	
348	1.008056	0.000080	26.614855	-0.000080	1.008056	-3.356630	
349	1.004806	0.000720	27.566029	-0.000720	1.004806	-2.559465	
350	1.002536	0.002784	26.901075	-0.002784	1.002536	0.978333	
351	1.002751	-0.000601	29.156678	0.000601	1.002751	-2.206504	
352	1.003588	0.002842	25.965734	-0.002842	1.003588	0.176710	
353	1.002767	0.003423	26.152589	-0.003423	1.002767	1.502401	
354	1.005550	-0.000825	27.648232	0.000825	1.005550	-3.372469	
355	1.003117	0.006225	23.259854	-0.006225	1.003117	3.717112	
356	1.004985	-0.000385	27.116382	0.000385	1.004985	-2.541278	
357	1.002534	0.004524	24.712561	-0.004524	1.002534	3.218558	
358	1.004637	0.000196	25.372803	-0.000196	1.004637	-1.474870	
359	1.003794	0.002613	24.357999	-0.002613	1.003794	0.637445	
360	1.003610	0.001257	25.158951	-0.001257	1.003610	-1.191874	
361	1.003950	0.001133	24.869565	-0.001133	1.003950	-0.586237	
362	1.004771	0.001264	23.404839	-0.001264	1.004771	-1.783423	
363	1.004320	0.001068	23.690752	-0.001068	1.004320	-1.584391	
364	1.003088	0.000200	24.339428	-0.000200	1.003088	-1.559281	
365	1.003601	0.000762	23.530590	-0.000762	1.003601	-1.797631	
366	1.005198	-0.000233	23.076369	0.000233	1.005198	-4.211085	
367	1.003376	0.000287	23.243659	-0.000287	1.003376	-1.223874	
368	1.003892	-0.000599	23.574000	0.000599	1.003892	-3.492033	
369	1.000771	0.000046	23.396698	-0.000046	1.000771	-2.903332	
370	1.002947	-0.000433	23.140367	0.000433	1.002947	-3.498067	
371	0.998419	-0.002734	25.537708	0.002734	0.998419	-2.663474	
372	1.004846	0.000035	21.043807	-0.000035	1.004846	-2.530892	
373	1.005537	-0.003712	23.239327	0.003712	1.005537	-8.180981	
374	1.006197	0.001222	20.084747	-0.001222	1.006197	-1.949202	
375	1.003116	-0.002739	23.071980	0.002739	1.003116	-3.752775	
376	1.006688	0.001540	19.085986	-0.001540	1.006688	-2.032652	
377	0.998485	0.002390	21.928880	-0.002390	0.998485	4.596501	
378	1.006623	-0.003838	22.943345	0.003838	1.006623	-8.093380	
379	1.004336	0.008576	14.963720	-0.008576	1.004336	8.777471	
380	1.005910	-0.006486	24.041802	0.006486	1.005910	-10.702623	
381	1.002652	0.010398	14.214885	-0.010398	1.002652	9.380868	
382	1.003778	-0.006323	24.946625	0.006323	1.003778	-8.206563	
383	1.000600	0.009996	14.873339	-0.009996	1.000600	9.057929	
384	0.999948	-0.002604	23.774464	0.002604	0.999948	-2.426119	
385	1.002200	0.006349	16.706514	-0.006349	1.002200	3.978116	
386	1.000819	-0.004203	23.692922	0.004203	1.000819	-5.791908	
387	1.003921	0.008773	13.224967	-0.008773	1.003921	6.816222	
388	1.000918	0.000383	19.765959	-0.000383	1.000918	-2.440700	
389	1.001862	0.002337	18.519916	-0.002337	1.001862	-0.966449	
390	1.001102	0.007402	14.250581	-0.007402	1.001102	6.635971	
391	1.001881	-0.006417	23.235276	0.006417	1.001881	-10.049529	
392	1.001756	0.011056	11.553145	-0.011056	1.001756	8.390185	
393	1.002514	-0.010599	24.626177	0.010599	1.002514	-13.204893	
394	1.002361	0.009771	10.537085	-0.009771	1.002361	9.804715	
395	1.001411	-0.010034	24.130191	0.010034	1.001411	-10.594491	
396	1.002954	0.006008	12.330532	-0.006008	1.002954	3.940663	
397	1.001876	-0.005396	19.577589	0.005396	1.001876	-5.496541	
398	1.002317	0.001252	15.031990	-0.001252	1.002317	1.456820	
399	1.003214	-0.003061	16.915498	0.003061	1.003214	-3.228824	
400	1.003293	-0.000131	14.301252	0.000131	1.003293	-1.634454	
401	1.002482	-0.003167	16.702141	0.003167	1.002482	-1.642563	
402	1.002246	0.000453	13.681442	-0.000453	1.002246	-0.269686	
403	1.002636	-0.004249	16.227044	0.004249	1.002636	-3.338764	
404	1.001301	0.001502	13.444827	-0.001502	1.001301	1.339264	
405	1.003670	-0.001992	13.629925	0.001992	1.003670	-4.095598	
406	1.001821	-0.002343	15.147706	0.002343	1.001821	-1.930907	
407	1.002222	0.004213	10.384662	-0.004213	1.002222	1.584611	
408	1.002229	-0.005425	15.748011	0.005425	1.002229	-5.393954	
409	1.002929	0.004917	8.797861	-0.004917	1.002929	3.682240	
410	1.002612	-0.003258	13.824383	0.003258	1.002612	-5.910050	
411	1.002913	0.003729	8.838582	-0.003729	1.002913	3.111694	
412	1.002881	-0.000917	11.524603	0.000917	1.002881	-1.836685	
413	1.002621	0.000703	10.155588	-0.000703	1.002621	-1.190226	
414	1.002630	0.002861	8.552902	-0.002861	1.002630	1.941980	
415	1.002931	-0.001754	10.571121	0.001754	1.002931	-1.347135	
416	1.003273	0.003591	7.181201	-0.003591	1.003273	1.107081	
417	1.002741	-0.001223	9.580512	0.001223	1.002741	-1.818244	
418	1.003322	0.004082	5.773426	-0.004082	1.003322	4.028360	
419	1.002649	-0.003265	10.167647	0.003265	1.002649	-3.304135	
420	1.003750	0.006990	2.657517	-0.006990	1.003750	4.891585	
421	1.002532	-0.003833	9.553402	0.003833	1.002532	-3.621977	
422	1.002971	0.003144	5.215127	-0.003144	1.002971	1.987382	
423	1.002956	-0.000169	6.550625	0.000169	1.002956	-1.378046	
424	1.003277	0.001660	4.950709	-0.001660	1.003277	-1.011334	
425	1.003238	-0.001283	6.275290	0.001283	1.003238	-2.201618	
426	1.003133	-0.000013	5.106728	0.000013	1.003133	-0.703946	
427	1.002938	0.000881	4.572701	-0.000881	1.002938	-0.223240	
428	1.003919	-0.003307	6.202980	0.003307	1.003919	-6.451647	
429	1.002767	0.003101	2.417478	-0.003101	1.002767	2.643281	
430	1.003399	-0.004462	6.227236	0.004462	1.003399	-5.713347	
431	1.003061	0.002679	1.889652	-0.002679	1.003061	1.591616	
432	1.003962	-0.004081	5.064891	0.004081	1.003962	-5.702696	
433	1.003289	0.001211	1.718274	-0.001211	1.003289	0.318333	
434	1.003022	-0.001960	2.883945	0.001960	1.003022	-2.127385	
435	1.004086	-0.002012	3.111666	0.002012	1.004086	-2.138467	
436	1.003776	0.000683	0.443152	-0.000683	1.003776	-2.510306	
437	1.002669	-0.003029	3.763315	0.003029	1.002669	-3.199058	
438	1.003701	0.002545	-1.181311	-0.002545	1.003701	3.015658	
439	1.003532	-0.004413	3.674563	0.004413	1.003532	-5.905317	
440	1.003518	0.003891	-2.799567	-0.003891	1.003518	1.394076	
441	1.003840	-0.004550	3.052332	0.004550	1.003840	-4.588721	
442	1.004359	0.003897	-3.595395	-0.003897	1.004359	2.928968	
443	1.003391	-0.002425	1.732376	0.002425	1.003391	-4.655044	
444	1.003558	0.002280	-2.209489	-0.002280	1.003558	0.856626	
445	1.003554	-0.000193	-0.290175	0.000193	1.003554	-1.611575	
446	1.004117	0.000327	-1.077133	-0.000327	1.004117	-1.377846	
447	1.003976	0.002347	-1.767225	-0.002347	1.003976	0.679584	
448	1.004462	-0.001513	-0.226028	0.001513	1.004462	-3.472756	
449	1.004497	0.003122	-2.835811	-0.003122	1.004497	0.885437	
450	1.004566	0.000336	-2.093041	-0.000336	1.004566	-0.488365	
451	1.004380	0.002194	-2.230685	-0.002194	1.004380	0.105272	
452	1.005181	0.000056	-1.888231	-0.000056	1.005181	-1.670593	
453	1.004439	0.002303	-2.979022	-0.002303	1.004439	-0.193940	
454	1.004857	-0.000113	-1.865159	0.000113	1.004857	-0.520170	
455	1.004676	0.000840	-2.028702	-0.000840	1.004676	-2.399503	
456	1.004061	0.001632	-2.320736	-0.001632	1.004061	0.256313	
457	1.003792	-0.001190	-0.263294	0.001190	1.003792	-2.483862	
458	1.004410	0.001606	-2.427146	-0.001606	1.004410	0.085015	
459	1.005125	0.000362	-2.472129	-0.000362	1.005125	-2.514744	
460	1.004104	-0.000078	-0.849439	0.000078	1.004104	-2.461556	
461	1.003816	-0.001096	-0.998672	0.001096	1.003816	-2.709696	
462	1.004143	0.000957	-1.484772	-0.000957	1.004143	-0.861426	
463	1.003189	-0.001403	0.276572	0.001403	1.003189	-2.947101	
464	1.005042	0.000816	-3.061291	-0.000816	1.005042	-0.855713	
465	1.003585	-0.003958	1.771989	0.003958	1.003585	-5.155028	
466	1.004271	0.002458	-3.731060	-0.002458	1.004271	0.783649	
467	1.003533	-0.004203	2.006806	0.004203	1.003533	-5.688195	
468	1.003854	0.000737	-2.110403	-0.000737	1.003854	-1.467130	
469	1.004811	-0.002960	0.134628	0.002960	1.004811	-5.245832	
470	1.004273	0.001888	-3.157345	-0.001888	1.004273	0.193964	
471	1.003829	-0.005885	3.076186	0.005885	1.003829	-7.905618	
472	1.004250	0.000197	-2.195895	-0.000197	1.004250	-0.701431	
473	1.004376	0.000112	-1.101297	-0.000112	1.004376	-3.032270	
474	1.004371	-0.003348	0.444224	0.003348	1.004371	-5.438509	
475	1.004507	0.002460	-3.337121	-0.002460	1.004507	0.948660	
476	1.005035	-0.003115	-0.484921	0.003115	1.005035	-5.268509	
477	1.004395	0.002330	-4.573422	-0.002330	1.004395	0.062758	
478	1.004883	-0.001198	-1.339850	0.001198	1.004883	-2.209871	
479	1.005138	0.002027	-5.226451	-0.002027	1.005138	-0.014385	
480	1.004839	0.000050	-3.138496	-0.000050	1.004839	-2.758109	
481	1.005737	0.002891	-6.656163	-0.002891	1.005737	1.314549	
482	1.005046	-0.000110	-3.832184	0.000110	1.005046	-1.505674	
483	1.005254	0.001608	-5.406890	-0.001608	1.005254	0.191930	
484	1.005534	0.002091	-5.918760	-0.002091	1.005534	-0.759371	
485	1.003776	0.000211	-2.722995	-0.000211	1.003776	-0.940159	
486	1.005708	0.002227	-5.433765	-0.002227	1.005708	-1.002270	
487	1.005333	-0.000365	-4.132115	0.000365	1.005333	-2.583316	
488	1.004145	0.000485	-2.892235	-0.000485	1.004145	-1.973697	
489	1.005378	0.002142	-6.344177	-0.002142	1.005378	-0.169507	
490	1.005104	-0.002805	-2.639287	0.002805	1.005104	-5.356631	
491	1.007162	0.002453	-7.823642	-0.002453	1.007162	-0.410319	
492	1.005162	-0.002342	-2.944686	0.002342	1.005162	-4.144028	
493	1.006192	0.000891	-5.947117	-0.000891	1.006192	-1.407229	
494	1.005555	-0.001319	-4.195123	0.001319	1.005555	-3.169996	
495	1.003911	0.000817	-3.008121	-0.000817	1.003911	-0.707228	
496	1.004569	-0.001603	-2.024493	0.001603	1.004569	-4.139761	
497	1.004900	0.000205	-5.220881	-0.000205	1.004900	-1.440039	
498	1.003160	-0.000717	-0.529132	0.000717	1.003160	-1.056541	
499	1.006028	-0.000060	-5.026767	0.000060	1.006028	-2.023942	
500	1.005595	-0.000076	-4.696824	0.000076	1.005595	-2.775955	
501	1.003112	0.000708	-1.633014	-0.000708	1.003112	0.540804	
502	1.005429	0.000105	-4.425979	-0.000105	1.005429	-0.994582	
503	1.004280	0.000429	-3.235168	-0.000429	1.004280	-1.252234	
504	1.002917	0.001512	-2.342091	-0.001512	1.002917	-0.131486	
505	1.005935	-0.001601	-4.653309	0.001601	1.005935	-1.539157	
506	1.003522	0.002200	-3.439542	-0.002200	1.003522	0.824069	
507	1.003386	-0.000058	-1.556476	0.000058	1.003386	-1.483864	
508	1.002943	0.001242	-2.261061	-0.001242	1.002943	-0.203721	
509	1.008149	-0.000486	-7.218089	0.000486	1.008149	-4.290326	
510	1.006683	0.000609	-7.303166	-0.000609	1.006683	-1.887292	
511	1.007178	-0.000212	-7.574157	0.000212	1.007178	-3.478080	
512	1.003301	-0.000801	-1.147135	0.000801	1.003301	-2.168805	
513	1.003484	0.002401	-3.594249	-0.002401	1.003484	0.886079	
514	1.003997	-0.001935	-1.674289	0.001935	1.003997	-2.835022	
515	1.002907	0.002471	-2.934078	-0.002471	1.002907	0.748316	
516	1.003622	-0.001776	-1.290407	0.001776	1.003622	-3.423244	
517	1.003238	0.002409	-3.315175	-0.002409	1.003238	1.452788	
518	1.003758	-0.001503	-1.519884	0.001503	1.003758	-2.876107	
519	1.004942	0.002742	-5.388310	-0.002742	1.004942	1.799386	
520	1.003461	-0.000673	-2.035837	0.000673	1.003461	-2.425326	
521	1.003054	0.001521	-2.765255	-0.001521	1.003054	-0.183454	
522	1.003679	0.000472	-2.979954	-0.000472	1.003679	-0.807867	
523	1.003012	0.001853	-3.045509	-0.001853	1.003012	1.332063	
524	1.003286	-0.001136	-1.811723	0.001136	1.003286	-3.765370	
525	1.003295	0.003655	-4.761730	-0.003655	1.003295	2.771243	
526	1.004685	-0.002691	-1.941150	0.002691	1.004685	-3.321979	
527	1.003062	0.003541	-4.619338	-0.003541	1.003062	1.194966	
528	1.003141	-0.003009	-0.231183	0.003009	1.003141	-3.690853	
529	1.003927	0.003235	-5.144232	-0.003235	1.003927	1.166051	
530	1.005842	-0.002112	-3.395777	0.002112	1.005842	-3.655755	
531	1.002982	0.002156	-3.493550	-0.002156	1.002982	0.118004	
532	1.003383	-0.002771	-1.080247	0.002771	1.003383	-3.611714	
533	1.004254	0.001570	-4.140231	-0.001570	1.004254	0.010624	
534	1.003841	-0.001140	-2.265139	0.001140	1.003841	-3.113432	
535	1.003607	0.000132	-2.686139	-0.000132	1.003607	-0.926725	
536	1.003356	-0.000251	-2.252106	0.000251	1.003356	-1.587020	
537	1.003429	-0.000122	-2.538078	0.000122	1.003429	0.195893	
538	1.003487	-0.000158	-2.612680	0.000158	1.003487	-1.881975	
539	1.003095	-0.000665	-1.800650	0.000665	1.003095	-1.634030	
540	1.004496	0.001224	-4.717119	-0.001224	1.004496	0.831273	
541	1.003039	-0.000777	-1.951041	0.000777	1.003039	-0.684241	
542	1.004753	0.000534	-4.210487	-0.000534	1.004753	-1.811351	
543	1.004178	0.000518	-3.473648	-0.000518	1.004178	-0.638377	
544	1.003844	-0.000476	-2.740109	0.000476	1.003844	-1.367801	
545	1.003224	0.000224	-3.070267	-0.000224	1.003224	-1.062874	
546	1.006517	0.002008	-6.552956	-0.002008	1.006517	-0.967266	
547	1.003333	-0.001171	-2.022898	0.001171	1.003333	-2.280181	
548	1.004019	0.003091	-5.239310	-0.003091	1.004019	0.092403	
549	1.003009	-0.001857	-1.848616	0.001857	1.003009	-1.949736	
550	1.005149	0.003166	-6.351462	-0.003166	1.005149	1.058320	
551	1.004480	-0.000866	-3.606690	0.000866	1.004480	-3.750894	
552	1.005395	0.001839	-5.508451	-0.001839	1.005395	0.868723	
553	1.003352	0.000522	-3.648539	-0.000522	1.003352	-0.677268	
554	1.004366	-0.000874	-3.534055	0.000874	1.004366	-3.299944	
555	1.003583	0.001284	-4.346082	-0.001284	1.003583	0.339438	
556	1.003859	0.000648	-4.017246	-0.000648	1.003859	0.279722	
557	1.003459	-0.001541	-1.935180	0.001541	1.003459	-3.244052	
558	1.003771	0.001527	-5.054249	-0.001527	1.003771	0.405091	
559	1.004045	-0.000754	-3.114443	0.000754	1.004045	-2.962506	
560	1.003543	-0.000178	-3.063753	0.000178	1.003543	-1.095206	
561	1.004531	0.000899	-4.584026	-0.000899	1.004531	-0.951017	
562	1.003964	-0.000594	-3.452629	0.000594	1.003964	-2.898617	
563	1.003928	0.000037	-3.602079	-0.000037	1.003928	-1.145408	
564	1.003796	0.000324	-4.134555	-0.000324	1.003796	-1.877291	
565	1.003370	-0.001254	-2.148590	0.001254	1.003370	-2.623943	
566	1.003898	0.001554	-5.435025	-0.001554	1.003898	-0.452430	
567	1.003636	-0.001347	-2.495825	0.001347	1.003636	-2.656250	
568	1.003892	0.001506	-5.288365	-0.001506	1.003892	0.519752	
569	1.003779	-0.000495	-2.703085	0.000495	1.003779	-2.626593	
570	1.003276	-0.000629	-3.138627	0.000629	1.003276	-1.251615	
571	1.003509	0.001086	-3.779366	-0.001086	1.003509	-0.694346	
572	1.004760	-0.001294	-3.629004	0.001294	1.004760	-3.534856	
573	1.003788	0.000179	-3.620332	-0.000179	1.003788	-1.581572	
574	1.004460	0.000185	-4.280914	-0.000185	1.004460	-1.331935	
575	1.003965	-0.000281	-3.707237	0.000281	1.003965	-1.530877	
576	1.004507	-0.000217	-4.374573	0.000217	1.004507	-2.428087	
577	1.003755	0.000622	-4.395536	-0.000622	1.003755	-0.835532	
578	1.004417	0.000089	-4.426273	-0.000089	1.004417	-1.043395	
579	1.004050	0.000433	-4.264832	-0.000433	1.004050	-1.239004	
580	1.004773	0.000538	-5.512753	-0.000538	1.004773	-1.229721	
581	1.004663	-0.000358	-4.402634	0.000358	1.004663	-1.177930	
582	1.004723	0.001937	-6.183343	-0.001937	1.004723	-0.012359	
583	1.004310	-0.001462	-3.119464	0.001462	1.004310	-2.950607	
584	1.003790	0.002555	-5.762187	-0.002555	1.003790	0.924521	
585	1.003453	-0.002331	-1.245029	0.002331	1.003453	-3.894400	
586	1.005012	0.003750	-8.125864	-0.003750	1.005012	1.064324	
587	1.003852	-0.002953	-1.604686	0.002953	1.003852	-3.643959	
588	1.004415	0.003965	-7.406627	-0.003965	1.004415	0.591177	
589	1.004088	-0.001633	-3.043238	0.001633	1.004088	-2.063136	
590	1.004916	0.002772	-6.821708	-0.002772	1.004916	0.191343	
591	1.003749	-0.000368	-3.659636	0.000368	1.003749	-2.610590	
592	1.004199	0.001430	-4.866100	-0.001430	1.004199	-0.204598	
593	1.004757	0.001192	-5.964537	-0.001192	1.004757	-1.898674	
594	1.003797	-0.000608	-3.050342	0.000608	1.003797	-1.748218	
595	1.004927	0.001925	-6.226241	-0.001925	1.004927	-0.753224	
596	1.004334	0.000114	-4.191858	-0.000114	1.004334	-3.274409	
597	1.003683	-0.000951	-3.476221	0.000951	1.003683	-2.382389	
598	1.004061	0.002273	-5.030715	-0.002273	1.004061	-0.587742	
599	1.003261	-0.002268	-1.367310	0.002268	1.003261	-4.403521	
600	1.004151	0.001858	-5.332384	-0.001858	1.004151	0.201946	
601	1.003771	-0.001938	-2.291767	0.001938	1.003771	-3.278676	
602	1.004412	0.000751	-4.730209	-0.000751	1.004412	-0.782508	
603	1.003822	-0.001659	-2.597352	0.001659	1.003822	-3.587003	
604	1.003981	0.000149	-3.876692	-0.000149	1.003981	-1.275563	
605	1.003935	-0.000269	-3.571247	0.000269	1.003935	-1.623115	
606	1.004404	-0.001051	-3.589783	0.001051	1.004404	-2.752307	
607	1.003851	0.000139	-3.712091	-0.000139	1.003851	-1.724191	
608	1.004375	-0.001215	-3.434946	0.001215	1.004375	-1.642784	
609	1.004393	0.000886	-4.744101	-0.000886	1.004393	-0.782038	
610	1.004952	-0.000783	-3.961713	0.000783	1.004952	-2.892826	
611	1.003964	0.000624	-4.084493	-0.000624	1.003964	-1.341248	
612	1.003425	-0.000301	-2.401460	0.000301	1.003425	-1.982729	
613	1.004060	0.000300	-4.673965	-0.000300	1.004060	-0.701022	
614	1.004521	0.000819	-4.128319	-0.000819	1.004521	-0.763254	
615	1.004197	0.000051	-4.219505	-0.000051	1.004197	-2.731878	
616	1.004487	0.001107	-4.407804	-0.001107	1.004487	-0.212302	
617	1.004530	0.001011	-5.288452	-0.001011	1.004530	-0.079997	
618	1.004230	0.001684	-4.265422	-0.001684	1.004230	-1.495269	
619	1.004222	0.000114	-4.621950	-0.000114	1.004222	0.236546	
620	1.005085	0.003953	-7.349074	-0.003953	1.005085	2.650920	
621	1.004111	-0.002728	-1.775779	0.002728	1.004111	-3.852420	
622	1.004840	0.006064	-8.612850	-0.006064	1.004840	4.981283	
623	1.004210	-0.003871	-0.265429	0.003871	1.004210	-4.865040	
624	1.004047	0.004331	-7.877650	-0.004331	1.004047	3.991895	
625	1.004396	-0.000866	-2.756861	0.000866	1.004396	-2.473071	
626	1.004526	-0.000353	-4.665585	0.000353	1.004526	-1.597267	
627	1.004012	0.000469	-4.407999	-0.000469	1.004012	-0.604822	
628	1.004431	-0.002178	-2.959299	0.002178	1.004431	-2.406077	
629	1.005437	-0.000145	-5.878866	0.000145	1.005437	-1.607152	
630	1.005264	-0.001073	-4.626257	0.001073	1.005264	-3.835597	
631	1.004237	-0.001494	-3.963096	0.001494	1.004237	-3.146708	
632	1.005126	-0.001001	-4.854829	0.001001	1.005126	-1.701028	
633	1.004638	-0.000440	-5.126115	0.000440	1.004638	-2.184427	
634	1.004718	-0.000530	-4.834912	0.000530	1.004718	-3.218929	
635	1.004246	-0.001836	-3.748578	0.001836	1.004246	-2.905979	
636	1.004684	0.000754	-5.550468	-0.000754	1.004684	-0.431058	
637	1.004480	-0.002185	-4.073096	0.002185	1.004480	-3.917266	
638	1.004712	0.001747	-6.876918	-0.001747	1.004712	-0.663242	
639	1.003952	-0.002873	-2.297583	0.002873	1.003952	-3.035242	
640	1.005150	0.002887	-8.071128	-0.002887	1.005150	0.409593	
641	1.004727	-0.003756	-2.516297	0.003756	1.004727	-5.457105	
642	1.003801	0.003567	-7.471407	-0.003567	1.003801	2.104991	
643	1.004137	-0.003724	-1.838279	0.003724	1.004137	-4.568403	
644	1.004664	0.003708	-8.741569	-0.003708	1.004664	1.449954	
645	1.004049	-0.002029	-2.637872	0.002029	1.004049	-3.746152	
646	1.004650	0.003257	-7.920598	-0.003257	1.004650	1.913265	
647	1.004671	-0.001728	-4.390962	0.001728	1.004671	-3.171728	
648	1.003821	0.003594	-6.806888	-0.003594	1.003821	0.673936	
649	1.003539	-0.002642	-2.503368	0.002642	1.003539	-2.904460	
650	1.004418	0.005152	-9.486047	-0.005152	1.004418	3.372177	
651	1.004483	-0.003776	-2.482714	0.003776	1.004483	-5.536236	
652	1.004121	0.004403	-8.580301	-0.004403	1.004121	3.776366	
653	1.005219	-0.003068	-4.210311	0.003068	1.005219	-3.538870	
654	1.003959	0.001831	-6.641419	-0.001831	1.003959	-0.942896	
655	1.003363	-0.000293	-4.525521	0.000293	1.003363	-0.390745	
656	1.004247	0.000094	-5.066783	-0.000094	1.004247	-1.866027	
657	1.004141	-0.000003	-5.997019	0.000003	1.004141	-2.203703	
658	1.003671	-0.000516	-3.877500	0.000516	1.003671	-2.400611	
659	1.004594	0.000389	-6.776159	-0.000389	1.004594	-1.696628	
660	1.004363	-0.000540	-4.543981	0.000540	1.004363	-3.865861	
661	1.004310	0.000823	-6.809984	-0.000823	1.004310	-1.310449	
662	1.004271	-0.000309	-4.459695	0.000309	1.004271	-3.814243	
663	1.003215	0.000866	-5.076383	-0.000866	1.003215	-2.096732	
664	1.004702	0.000851	-6.187866	-0.000851	1.004702	-1.131240	
665	1.003996	-0.000500	-4.780520	0.000500	1.003996	-4.270248	
666	1.003921	0.001516	-5.709484	-0.001516	1.003921	0.361675	
667	1.004114	-0.000785	-4.844372	0.000785	1.004114	-3.210328	
668	1.003596	0.001071	-5.314054	-0.001071	1.003596	0.708961	
669	1.004230	0.000313	-5.596907	-0.000313	1.004230	-1.850078	
670	1.003605	0.000513	-5.085721	-0.000513	1.003605	0.020796	
671	1.004199	-0.000057	-5.439392	0.000057	1.004199	-2.117541	
672	1.003867	-0.000543	-4.899143	0.000543	1.003867	-1.278261	
673	1.004075	0.000236	-5.375860	-0.000236	1.004075	-1.978141	
674	1.003873	-0.000429	-4.618072	0.000429	1.003873	-0.843359	
675	1.003351	0.000296	-4.404683	-0.000296	1.003351	-1.327314	
676	1.003917	-0.001603	-3.785926	0.001603	1.003917	-3.296055	
677	1.003250	0.001375	-5.266901	-0.001375	1.003250	1.142998	
678	1.003564	-0.001666	-3.324768	0.001666	1.003564	-3.520786	
679	1.004107	0.001207	-5.820905	-0.001207	1.004107	0.058049	
680	1.003342	-0.001342	-3.712824	0.001342	1.003342	-2.729472	
681	1.004339	0.001057	-5.813333	-0.001057	1.004339	-0.432547	
682	1.003639	-0.000508	-4.193581	0.000508	1.003639	-1.514484	
683	1.003498	-0.000098	-4.650500	0.000098	1.003498	-2.068163	
684	1.004254	0.001169	-5.720687	-0.001169	1.004254	0.614770	
685	1.002988	-0.001121	-2.942361	0.001121	1.002988	-2.612781	
686	1.003986	0.001917	-6.242698	-0.001917	1.003986	0.050925	
687	1.003213	-0.001020	-3.254862	0.001020	1.003213	-1.040872	
688	1.002284	0.001173	-3.692927	-0.001173	1.002284	-0.668210	
689	1.003606	0.000555	-4.950739	-0.000555	1.003606	-1.743363	
690	1.003288	-0.000342	-3.419723	0.000342	1.003288	-1.122295	
691	1.003093	0.000382	-4.098762	-0.000382	1.003093	-0.464710	
692	1.003727	0.001888	-5.847526	-0.001888	1.003727	-0.035329	
693	1.003130	-0.000592	-3.585219	0.000592	1.003130	-1.538112	
694	1.003241	0.000825	-4.214890	-0.000825	1.003241	0.381491	
695	1.003281	0.000423	-4.424161	-0.000423	1.003281	-0.128169	
696	1.002776	0.000539	-3.584279	-0.000539	1.002776	-0.524993	
697	1.003090	0.000732	-4.193104	-0.000732	1.003090	-0.493063	
698	1.002956	0.000880	-3.991642	-0.000880	1.002956	1.018875	
699	1.002758	0.001019	-4.130220	-0.001019	1.002758	0.302539	
700	1.003228	0.000249	-4.241644	-0.000249	1.003228	-0.999094	
701	1.003565	0.000359	-4.913077	-0.000359	1.003565	-0.265141	
702	1.003449	0.001105	-4.852819	-0.001105	1.003449	1.111747	
703	1.003453	0.000351	-4.618759	-0.000351	1.003453	-0.315898	
704	1.003012	0.000176	-3.808131	-0.000176	1.003012	-1.703581	
705	1.002760	0.000298	-3.802185	-0.000298	1.002760	-0.417392	
706	1.003708	0.001023	-4.985611	-0.001023	1.003708	0.355169	
707	1.003425	0.000045	-4.143835	-0.000045	1.003425	-1.018794	
708	1.003747	-0.000276	-4.599937	0.000276	1.003747	-1.733724	
709	1.003042	-0.000051	-3.846398	0.000051	1.003042	-1.473586	
710	1.003150	-0.000270	-3.442621	0.000270	1.003150	-1.735051	
711	1.003416	0.000047	-4.140413	-0.000047	1.003416	-0.848419	
712	1.003384	-0.000757	-3.786220	0.000757	1.003384	-2.242606	
713	1.002736	0.000037	-3.469015	-0.000037	1.002736	-0.730799	
714	1.003481	-0.000421	-4.139948	0.000421	1.003481	-2.039844	
715	1.003127	-0.000540	-3.258734	0.000540	1.003127	-1.166065	
716	1.002941	0.000309	-3.603503	-0.000309	1.002941	-0.057590	
717	1.002576	-0.001286	-2.657387	0.001286	1.002576	-2.178299	
718	1.003074	-0.000126	-3.740530	0.000126	1.003074	-0.923659	
719	1.002764	-0.000094	-3.268389	0.000094	1.002764	0.270599	
720	1.003047	-0.000170	-3.606676	0.000170	1.003047	-1.417430	
721	1.002731	-0.000319	-3.106795	0.000319	1.002731	-0.553500	
722	1.003148	0.000009	-3.881879	-0.000009	1.003148	-0.507341	
723	1.002814	-0.000681	-2.989202	0.000681	1.002814	-1.091971	
724	1.003005	-0.000035	-3.620786	0.000035	1.003005	-0.286419	
725	1.002711	0.000024	-3.449219	-0.000024	1.002711	-0.778916	
726	1.002943	-0.000247	-3.463456	0.000247	1.002943	-1.024944	
727	1.002936	-0.000134	-3.524209	0.000134	1.002936	-0.300455	
728	1.003073	0.000296	-3.994634	-0.000296	1.003073	-0.859147	
729	1.002929	-0.000348	-3.438573	0.000348	1.002929	-1.379880	
730	1.003093	-0.000356	-3.577567	0.000356	1.003093	-1.802615	
731	1.003089	0.000629	-4.227608	-0.000629	1.003089	-0.244417	
732	1.003082	-0.000110	-3.845212	0.000110	1.003082	-1.408029	
733	1.002877	-0.000020	-3.620078	0.000020	1.002877	-1.147405	
734	1.003118	-0.000366	-3.805220	0.000366	1.003118	-1.766992	
735	1.003117	0.000136	-3.915263	-0.000136	1.003117	-1.146761	
736	1.003141	0.000047	-3.885622	-0.000047	1.003141	-1.117736	
737	1.003080	0.000060	-3.997472	-0.000060	1.003080	-1.076437	
738	1.003064	0.000093	-3.978828	-0.000093	1.003064	-1.470239	
739	1.003389	0.000228	-4.300604	-0.000228	1.003389	-1.562173	
740	1.003087	0.000223	-3.970820	-0.000223	1.003087	-1.536991	
741	1.003067	-0.000029	-4.040105	0.000029	1.003067	-1.312264	
742	1.003325	0.000249	-4.228032	-0.000249	1.003325	-2.119971	
743	1.003802	-0.000352	-4.437900	0.000352	1.003802	-2.066452	
744	1.003191	0.000647	-4.268280	-0.000647	1.003191	-1.325651	
745	1.003024	-0.000448	-3.640299	0.000448	1.003024	-2.701579	
746	1.003070	-0.000470	-3.669945	0.000470	1.003070	-2.123214	
747	1.003193	0.000299	-3.963035	-0.000299	1.003193	-2.230020	
748	1.003068	-0.000179	-3.656184	0.000179	1.003068	-1.563630	
749	1.002703	0.000089	-3.604254	-0.000089	1.002703	-1.328647	
